   0.0000000e+00  -2.3256481e+01   1.0000000e+02
   1.0101010e+00  -1.4655844e+02   1.0000000e+02
   2.0202020e+00   3.2533231e+01   1.0000000e+02
   3.0303030e+00   4.8767642e+01   1.0000000e+02
   4.0404040e+00  -9.4647135e+01   1.0000000e+02
   5.0505051e+00   1.3909155e+02   1.0000000e+02
   6.0606061e+00   1.3891642e+02   1.0000000e+02
   7.0707071e+00   1.6236672e+01   1.0000000e+02
   8.0808081e+00   5.2729236e+01   1.0000000e+02
   9.0909091e+00   3.7463914e+01   1.0000000e+02
   1.0101010e+01   1.8132914e+02   1.0000000e+02
   1.1111111e+01   2.7257905e+02   1.0000000e+02
   1.2121212e+01   1.4116835e+02   1.0000000e+02
   1.3131313e+01   4.1831858e+02   1.0000000e+02
   1.4141414e+01   1.8636041e+02   1.0000000e+02
   1.5151515e+01   2.1139313e+02   1.0000000e+02
   1.6161616e+01   3.0667682e+02   1.0000000e+02
   1.7171717e+01   2.0592815e+02   1.0000000e+02
   1.8181818e+01   1.9043516e+02   1.0000000e+02
   1.9191919e+01   1.1676505e+02   1.0000000e+02
   2.0202020e+01   2.2944108e+02   1.0000000e+02
   2.1212121e+01   6.6381814e+01   1.0000000e+02
   2.2222222e+01   2.7143246e+02   1.0000000e+02
   2.3232323e+01   3.6235621e+02   1.0000000e+02
   2.4242424e+01   1.3082243e+02   1.0000000e+02
   2.5252525e+01   8.5799667e+01   1.0000000e+02
   2.6262626e+01   1.2540014e+02   1.0000000e+02
   2.7272727e+01  -1.5937296e+02   1.0000000e+02
   2.8282828e+01  -1.4409644e+02   1.0000000e+02
   2.9292929e+01   5.7114762e+01   1.0000000e+02
   3.0303030e+01  -3.9988558e+01   1.0000000e+02
   3.1313131e+01   6.8999738e+01   1.0000000e+02
   3.2323232e+01   3.1562229e+01   1.0000000e+02
   3.3333333e+01   2.1190832e+01   1.0000000e+02
   3.4343434e+01   7.9024975e+01   1.0000000e+02
   3.5353535e+01   1.6860051e+01   1.0000000e+02
   3.6363636e+01   6.9083807e+01   1.0000000e+02
   3.7373737e+01  -1.7024571e+02   1.0000000e+02
   3.8383838e+01  -5.1978956e+01   1.0000000e+02
   3.9393939e+01  -6.5671730e+01   1.0000000e+02
   4.0404040e+01  -2.6040856e+02   1.0000000e+02
   4.1414141e+01  -7.4269577e+01   1.0000000e+02
   4.2424242e+01  -2.0564729e+02   1.0000000e+02
   4.3434343e+01   4.1514149e+01   1.0000000e+02
   4.4444444e+01  -1.8050904e+02   1.0000000e+02
   4.5454545e+01  -4.7125699e+01   1.0000000e+02
   4.6464646e+01  -7.8067933e+01   1.0000000e+02
   4.7474747e+01  -1.9219016e+02   1.0000000e+02
   4.8484848e+01  -3.1706745e+02   1.0000000e+02
   4.9494949e+01  -1.0591878e+02   1.0000000e+02
   5.0505051e+01  -2.0106337e+02   1.0000000e+02
   5.1515152e+01  -3.8553695e+01   1.0000000e+02
   5.2525253e+01  -4.9225921e+01   1.0000000e+02
   5.3535354e+01   6.9242987e+01   1.0000000e+02
   5.4545455e+01  -4.0871741e+01   1.0000000e+02
   5.5555556e+01  -2.6435952e+02   1.0000000e+02
   5.6565657e+01  -1.6196627e+02   1.0000000e+02
   5.7575758e+01  -3.0091155e+02   1.0000000e+02
   5.8585859e+01  -2.0195107e+02   1.0000000e+02
   5.9595960e+01  -2.0482208e+02   1.0000000e+02
   6.0606061e+01  -1.9999568e+02   1.0000000e+02
   6.1616162e+01  -2.3178595e+02   1.0000000e+02
   6.2626263e+01  -9.0499626e+01   1.0000000e+02
   6.3636364e+01  -3.8739903e+02   1.0000000e+02
   6.4646465e+01  -1.5718167e+02   1.0000000e+02
   6.5656566e+01   3.8956385e+02   1.0000000e+02
   6.6666667e+01   3.7309573e+02   1.0000000e+02
   6.7676768e+01   3.5778573e+02   1.0000000e+02
   6.8686869e+01   3.0403140e+02   1.0000000e+02
   6.9696970e+01   3.6770892e+02   1.0000000e+02
   7.0707071e+01   3.5689002e+02   1.0000000e+02
   7.1717172e+01   2.7443546e+02   1.0000000e+02
   7.2727273e+01   2.6225310e+02   1.0000000e+02
   7.3737374e+01   2.7041129e+02   1.0000000e+02
   7.4747475e+01   1.5248655e+02   1.0000000e+02
   7.5757576e+01   2.7659960e+02   1.0000000e+02
   7.6767677e+01   3.1184448e+02   1.0000000e+02
   7.7777778e+01   3.3148090e+02   1.0000000e+02
   7.8787879e+01   4.4435082e+02   1.0000000e+02
   7.9797980e+01   2.6490253e+02   1.0000000e+02
   8.0808081e+01   6.2323385e+01   1.0000000e+02
   8.1818182e+01   7.9904862e+01   1.0000000e+02
   8.2828283e+01   9.4088994e+01   1.0000000e+02
   8.3838384e+01  -9.9209174e+01   1.0000000e+02
   8.4848485e+01   2.1203515e+01   1.0000000e+02
   8.5858586e+01   2.3788207e+01   1.0000000e+02
   8.6868687e+01  -1.0077634e+02   1.0000000e+02
   8.7878788e+01  -7.4204475e+01   1.0000000e+02
   8.8888889e+01   1.0822950e+02   1.0000000e+02
   8.9898990e+01  -1.3149970e+01   1.0000000e+02
   9.0909091e+01   1.8898805e+02   1.0000000e+02
   9.1919192e+01   1.5879871e+02   1.0000000e+02
   9.2929293e+01   8.6453477e+01   1.0000000e+02
   9.3939394e+01   9.4042670e+01   1.0000000e+02
   9.4949495e+01   1.9436535e+02   1.0000000e+02
   9.5959596e+01   5.5009620e+01   1.0000000e+02
   9.6969697e+01   2.2811816e+02   1.0000000e+02
   9.7979798e+01   2.0689606e+02   1.0000000e+02
   9.8989899e+01   6.7828571e+01   1.0000000e+02
   1.0000000e+02   1.2343931e+02   1.0000000e+02
