 0.00000000e+00 7.36677941e+00 5.00000000e+00
 1.01010101e+00 -2.00909522e+00 5.00000000e+00
 2.02020202e+00 2.37165599e-01 5.00000000e+00
 3.03030303e+00 -4.52094504e+00 5.00000000e+00
 4.04040404e+00 -3.53995988e+00 5.00000000e+00
 5.05050505e+00 4.14994971e-01 5.00000000e+00
 6.06060606e+00 5.95100381e+00 5.00000000e+00
 7.07070707e+00 -4.08081849e+00 5.00000000e+00
 8.08080808e+00 3.53429945e+00 5.00000000e+00
 9.09090909e+00 8.41973277e+00 5.00000000e+00
 1.01010101e+01 -1.94397063e+00 5.00000000e+00
 1.11111111e+01 -3.70812233e-01 5.00000000e+00
 1.21212121e+01 1.85913574e+00 5.00000000e+00
 1.31313131e+01 1.44922733e+00 5.00000000e+00
 1.41414141e+01 -3.43933858e+00 5.00000000e+00
 1.51515152e+01 -1.26537583e+01 5.00000000e+00
 1.61616162e+01 2.19911393e+00 5.00000000e+00
 1.71717172e+01 -3.67775991e+00 5.00000000e+00
 1.81818182e+01 2.05356266e+00 5.00000000e+00
 1.91919192e+01 -5.35375485e+00 5.00000000e+00
 2.02020202e+01 -9.11896691e-01 5.00000000e+00
 2.12121212e+01 4.41884851e+00 5.00000000e+00
 2.22222222e+01 -1.01039951e+00 5.00000000e+00
 2.32323232e+01 1.47265294e+00 5.00000000e+00
 2.42424242e+01 -5.57936979e+00 5.00000000e+00
 2.52525253e+01 5.52815818e+00 5.00000000e+00
 2.62626263e+01 -1.00395283e+01 5.00000000e+00
 2.72727273e+01 3.86198011e+00 5.00000000e+00
 2.82828283e+01 3.17201697e+00 5.00000000e+00
 2.92929293e+01 3.49525539e+00 5.00000000e+00
 3.03030303e+01 -6.37958495e+00 5.00000000e+00
 3.13131313e+01 1.70196029e+00 5.00000000e+00
 3.23232323e+01 -2.14687752e+00 5.00000000e+00
 3.33333333e+01 1.90240583e+01 5.00000000e+00
 3.43434343e+01 1.02752174e+01 5.00000000e+00
 3.53535354e+01 7.21621756e+00 5.00000000e+00
 3.63636364e+01 1.03714746e+01 5.00000000e+00
 3.73737374e+01 8.29903164e+00 5.00000000e+00
 3.83838384e+01 1.23593766e+01 5.00000000e+00
 3.93939394e+01 1.13504979e+01 5.00000000e+00
 4.04040404e+01 1.09856300e+01 5.00000000e+00
 4.14141414e+01 8.08037865e+00 5.00000000e+00
 4.24242424e+01 1.73720388e+01 5.00000000e+00
 4.34343434e+01 1.01503841e+01 5.00000000e+00
 4.44444444e+01 1.00641217e+01 5.00000000e+00
 4.54545455e+01 8.09910459e+00 5.00000000e+00
 4.64646465e+01 2.01540111e+00 5.00000000e+00
 4.74747475e+01 7.74699466e+00 5.00000000e+00
 4.84848485e+01 1.24126467e+01 5.00000000e+00
 4.94949495e+01 7.81790048e+00 5.00000000e+00
 5.05050505e+01 3.38241004e+00 5.00000000e+00
 5.15151515e+01 3.20851131e+00 5.00000000e+00
 5.25252525e+01 1.15755478e+01 5.00000000e+00
 5.35353535e+01 1.44835857e+01 5.00000000e+00
 5.45454545e+01 9.14348218e+00 5.00000000e+00
 5.55555556e+01 5.81508669e+00 5.00000000e+00
 5.65656566e+01 -2.34071242e+00 5.00000000e+00
 5.75757576e+01 1.38458355e+01 5.00000000e+00
 5.85858586e+01 1.54355185e+01 5.00000000e+00
 5.95959596e+01 7.43970019e+00 5.00000000e+00
 6.06060606e+01 1.34213819e+01 5.00000000e+00
 6.16161616e+01 7.97014562e+00 5.00000000e+00
 6.26262626e+01 2.20015403e+01 5.00000000e+00
 6.36363636e+01 1.36362909e+01 5.00000000e+00
 6.46464646e+01 5.48150275e+00 5.00000000e+00
 6.56565657e+01 1.25317904e+01 5.00000000e+00
 6.66666667e+01 1.56314931e+01 5.00000000e+00
 6.76767677e+01 -1.58992348e+01 5.00000000e+00
 6.86868687e+01 -1.07296846e+01 5.00000000e+00
 6.96969697e+01 -1.67141676e+01 5.00000000e+00
 7.07070707e+01 -1.29518031e+01 5.00000000e+00
 7.17171717e+01 -1.13517383e+01 5.00000000e+00
 7.27272727e+01 -2.19861855e+01 5.00000000e+00
 7.37373737e+01 -1.30534258e+01 5.00000000e+00
 7.47474747e+01 -1.15864824e+01 5.00000000e+00
 7.57575758e+01 -1.65741966e+01 5.00000000e+00
 7.67676768e+01 -1.13414985e+01 5.00000000e+00
 7.77777778e+01 -1.57555134e+01 5.00000000e+00
 7.87878788e+01 -9.88826554e+00 5.00000000e+00
 7.97979798e+01 -1.45630249e+01 5.00000000e+00
 8.08080808e+01 -1.35400171e+01 5.00000000e+00
 8.18181818e+01 -2.35355393e+01 5.00000000e+00
 8.28282828e+01 -1.55625279e+01 5.00000000e+00
 8.38383838e+01 -1.65080255e+01 5.00000000e+00
 8.48484848e+01 -1.67876640e+01 5.00000000e+00
 8.58585859e+01 -8.44130688e+00 5.00000000e+00
 8.68686869e+01 -6.75653653e+00 5.00000000e+00
 8.78787879e+01 -1.15256816e+01 5.00000000e+00
 8.88888889e+01 -2.47987458e+01 5.00000000e+00
 8.98989899e+01 -1.15829332e+01 5.00000000e+00
 9.09090909e+01 -9.59320009e+00 5.00000000e+00
 9.19191919e+01 -1.57284826e+01 5.00000000e+00
 9.29292929e+01 -9.49943573e+00 5.00000000e+00
 9.39393939e+01 -1.79872047e+01 5.00000000e+00
 9.49494949e+01 -9.85854053e+00 5.00000000e+00
 9.59595960e+01 -1.88350900e+01 5.00000000e+00
 9.69696970e+01 -2.14351093e+01 5.00000000e+00
 9.79797980e+01 -1.06856690e+01 5.00000000e+00
 9.89898990e+01 -2.69563997e+01 5.00000000e+00
 1.00000000e+02 -1.45726054e+01 5.00000000e+00
