135.347 -27.44 34.0 0.72
140.893 -17.377 34.0 0.72
141.448 -16.613 35.0 0.72
134.152 -25.202 36.0 0.72
137.993 -22.158 29.0 0.72
135.347 -27.44 32.0 0.72
124.735 -27.133 39.0 0.72
131.32 -30.13 38.0 0.72
137.9933 -22.1583 29.0 0.72
149.365 -28.47 39.0 0.72
142.6267 -27.78 35.0 0.72
143.26 -25.45 36.0 0.72
130.0 -27.5 42.0 0.72
122.0417 -30.5167 34.0 0.72
121.2854 -31.1577 34.0 0.72
120.2258 -31.3067 35.5 0.72
116.0536 -32.6344 44.4 0.72
117.6844 -34.5812 33.8 0.72
123.141 -32.1009 32.0 0.72
141.9983 -34.275 30.6 0.72
141.2983 -32.2367 36.5 0.72
132.3 -23.7083 36.0 0.72
131.2383 -22.4017 38.0 0.72
121.9069 -19.7401 34.6 0.7
122.082 -19.4481 35.5 0.7
122.2387 -19.3129 33.1 0.7
122.3441 -19.2222 33.7 0.7
122.5088 -19.093 29.1 0.7
122.7887 -18.8828 31.0 0.7
123.1688 -18.5938 36.7 0.7
123.2394 -18.5032 34.9 0.7
123.2929 -18.4342 35.3 0.7
123.4326 -18.2543 37.0 0.7
123.5485 -18.1163 35.1 0.7
123.6882 -17.9623 38.1 0.7
123.7459 -17.8943 33.3 0.7
135.38 -21.482 44.4 0.8
135.38 -21.632 43.0 0.7
135.382 -21.78285 42.5 0.8
135.38947 -21.93149 42.3 0.8
135.32315 -22.08918 42.9 0.8
135.27411 -22.25121 42.6 0.8
135.25555 -22.42223 43.9 0.8
135.24104 -22.57497 47.1 0.8
135.21809 -22.64376 49.0 0.7
135.34818 -22.82608 51.0 0.7
135.44908 -22.92146 54.0 0.7
135.478 -23.24 56.0 0.5
135.5358 -23.58822 54.0 0.7
135.52687 -23.74468 49.7 0.706
135.46812 -23.8996 45.1 0.802
135.36581 -24.00509 43.2 0.806
135.32954 -24.15888 41.2 0.806
135.27965 -24.2266 41.0 0.8
141.09036 -20.88581 46.0 0.7
140.90445 -20.89502 46.0 0.7
140.7142 -20.90325 48.0 0.7
140.58833 -20.89794 49.4 0.7
140.52328 -20.91428 49.6 0.7
140.33617 -20.94412 47.0 0.7
140.23924 -20.93714 45.5 0.7
140.279 -20.887 46.0 0.5
139.31667 -20.83864 45.8 0.7
139.24837 -20.80204 45.7 0.7
139.06314 -20.75685 46.0 0.7
138.94759 -20.74774 46.0 0.7
139.87004 -21.22667 46.4 0.7
139.78993 -21.23375 44.3 0.7
139.70665 -21.23891 44.0 0.7
128.72256 -19.44508 37.6 0.8
128.87196 -19.5551 37.7 0.8
129.05432 -19.60494 38.8 0.8
129.23026 -19.66828 42.4 0.8
129.38391 -19.76386 42.8 0.8
129.54697 -19.85131 42.0 0.8
129.56676 -19.86032 40.1 0.8
129.69733 -19.95904 38.5 0.8
129.8119 -20.10392 39.3 0.8
129.97658 -20.18931 39.4 0.8
130.07181 -20.27375 37.5 0.8
130.09129 -20.29342 37.9 0.8
130.20969 -20.4623 42.3 0.8
130.26587 -20.51029 45.3 0.8
130.36786 -20.56483 46.0 0.8
130.48219 -20.70751 45.7 0.8
130.55292 -20.8088 48.1 0.7
130.69003 -20.9659 47.8 0.7
130.91 -21.32 54.0 0.5
131.13 -21.68 54.0 0.5
128.65848 -20.10001 34.6 0.8
128.7865 -19.96809 36.1 0.8
128.8719 -19.80859 39.1 0.8
128.87808 -19.63784 43.0 0.7
128.84869 -19.46131 41.5 0.7
128.86435 -19.29903 42.5 0.7
130.33392 -19.55151 38.7 0.8
130.18456 -19.65169 39.1 0.8
130.01141 -19.71417 36.2 0.8
129.87813 -19.84128 37.3 0.8
129.72318 -19.94093 40.1 0.8
129.63725 -20.10214 41.2 0.8
129.54144 -20.24541 39.6 0.8
129.37596 -20.33317 40.6 0.8
129.24173 -20.45984 40.6 0.8
129.16942 -20.56673 40.8 0.808
129.59949 -20.79926 40.2 0.8
129.69597 -20.65818 39.4 0.8
129.79158 -20.51255 41.0 0.8
129.89703 -20.36716 40.5 0.8
129.92596 -20.29056 38.1 0.8
129.93956 -20.2731 39.9 0.8
129.98689 -20.2006 39.7 0.8
138.64445 -18.32546 40.9 0.8
138.60046 -18.49644 40.7 0.8
138.55626 -18.66745 40.9 0.8
138.5576 -18.82414 38.7 0.8
138.62833 -18.87693 38.4 0.8
138.54906 -18.86542 37.5 0.8
138.59676 -18.82088 38.6 0.8
138.61426 -18.77016 38.9 0.8
141.49071 -21.36543 42.7 0.8
141.37537 -21.3068 46.4 0.7
140.71893 -20.78349 45.9 0.706
140.58289 -20.76213 44.5 0.703
140.44122 -20.66314 47.3 0.708
140.25977 -20.60613 50.9 0.709
140.17287 -20.4541 51.6 0.705
140.13242 -20.42416 50.1 0.709
140.88354 -22.02389 37.9 0.807
140.9343 -21.85627 41.1 0.705
140.99423 -21.68807 41.6 0.704
141.05342 -21.51899 41.6 0.708
141.14018 -21.49575 40.0 0.707
141.35564 -21.18249 47.2 0.703
141.41164 -21.13112 47.0 0.7
141.46552 -20.95414 44.6 0.701
141.4931 -20.85188 44.0 0.709
145.3266 -17.08447 33.5 0.8
145.16176 -17.13189 32.1 0.8
145.007 -17.22367 31.9 0.8
144.89449 -17.3543 32.1 0.8
144.71004 -17.36224 31.6 0.8
144.61617 -17.49771 33.7 0.8
144.55008 -17.65381 33.7 0.8
144.45975 -17.81091 36.5 0.8
144.39729 -17.97816 39.0 0.8
144.32542 -18.14529 37.8 0.804
140.1701 -20.42215 57.2 0.7
140.29066 -20.35348 49.1 0.7
140.45163 -20.2667 42.6 0.7
140.62175 -20.18479 41.9 0.7
140.74677 -20.05057 41.0 0.8
140.89577 -19.93476 43.7 0.8
141.06789 -19.86768 39.8 0.8
141.21883 -19.75931 39.4 0.8
141.34985 -19.63544 36.7 0.8
141.51241 -19.56435 35.5 0.805
141.63387 -19.42457 33.3 0.808
141.77307 -19.31012 33.6 0.809
141.9451 -19.24063 33.7 0.8
142.10014 -19.14552 33.9 0.808
142.19125 -18.98867 34.7 0.809
142.26584 -18.85754 33.6 0.807
142.3093 -18.81329 41.2 0.803
142.36131 -18.67713 39.1 0.808
142.47884 -18.55009 37.2 0.804
142.57039 -18.40547 37.2 0.804
142.63235 -18.23854 37.2 0.803
142.73495 -18.09139 37.0 0.804
142.78856 -18.04874 37.1 0.907
142.31648 -18.25668 36.5 0.9
142.49876 -18.2416 36.9 0.9
142.68219 -18.26852 37.1 0.9
142.85649 -18.20506 37.2 0.9
143.0424 -18.22163 37.7 0.9
143.22261 -18.26965 39.4 0.9
143.40831 -18.29111 38.9 0.9
143.59511 -18.27918 39.2 0.905
143.77783 -18.30816 38.8 0.903
143.93562 -18.21115 38.2 0.902
144.11668 -18.20803 38.1 0.9
144.2975 -18.15992 38.3 0.908
144.42783 -18.09093 37.8 0.903
143.93532 -18.02627 37.4 0.8
144.02641 -18.17918 38.7 0.8
144.07468 -18.34845 38.0 0.8
144.11476 -18.51737 37.3 0.8
144.22562 -18.63421 37.6 0.8
144.34511 -18.77179 36.1 0.8
144.4968 -18.8699 36.4 0.8
144.65724 -18.95248 40.3 0.7
144.82581 -18.99269 38.9 0.7
145.01437 -19.00476 38.9 0.705
145.18277 -19.08341 37.7 0.808
145.34952 -19.14532 37.1 0.802
145.49203 -19.2602 38.4 0.802
145.63318 -19.3753 40.2 0.808
145.74327 -19.51876 43.4 0.705
145.83463 -19.67707 38.6 0.804
145.99278 -19.77312 38.3 0.807
146.08849 -19.91221 37.0 0.805
146.18764 -20.05541 38.4 0.801
146.2261 -20.11763 36.8 0.803
146.22182 -20.15767 43.2 0.806
146.20694 -20.21419 42.9 0.809
146.19713 -20.33922 43.6 0.802
146.20364 -20.38758 38.3 0.802
146.26442 -20.55733 41.1 0.705
146.32344 -20.72816 41.1 0.805
146.38844 -20.83069 39.9 0.806
134.51758 -30.68372 42.2 0.8
134.52023 -30.57274 42.1 0.7
134.52708 -30.39201 42.3 0.7
134.53421 -30.2115 42.6 0.8
134.53625 -30.03138 42.5 0.8
134.53833 -29.8509 43.1 0.8
134.53954 -29.7482 43.1 0.7
134.54045 -29.67059 46.8 0.7
134.54805 -29.49029 47.4 0.7
134.48 -29.42 46.0 0.7
134.53676 -29.31581 45.6 0.7
134.43241 -29.16306 44.6 0.7
134.4118 -29.09482 44.6 0.7
134.37988 -28.98851 41.2 0.7
134.32278 -28.81643 37.6 0.8
134.30351 -28.63815 33.7 0.8
134.20108 -28.48378 35.7 0.8
134.15627 -28.3084 39.4 0.8
134.12006 -28.13111 41.0 0.7
134.07657 -27.95445 44.1 0.7
134.00777 -27.78523 48.0 0.7
133.88881 -27.64086 49.7 0.7
133.76575 -27.4969 48.3 0.7
133.64896 -27.35065 47.5 0.7
133.53275 -27.20236 50.5 0.7
133.42329 -27.05199 51.6 0.8
133.3623 -26.89331 53.9 0.8
133.37092 -26.7143 53.3 0.8
133.40396 -26.54625 36.6 0.8
133.4056 -26.36464 35.8 0.8
133.39889 -26.18529 36.0 0.7
133.40797 -26.00414 45.0 0.7
133.42226 -25.82529 45.3 0.7
133.44544 -25.64526 48.6 0.7
133.48054 -25.46813 49.0 0.7
133.51669 -25.32753 47.4 0.7
117.645 -22.5283 34.0 0.9
117.495 -22.7966 35.0 0.8
117.2 -22.9783 35.0 0.8
117.1333 -23.25 36.0 0.5
117.1583 -23.5116 36.0 0.5
116.7 -23.4666 41.2 0.8
116.6083 -23.5333 40.6 0.9
116.65 -23.725 39.2 0.9
116.4717 -24.0 37.5 0.8
116.3483 -24.2666 36.0 0.9
116.225 -24.5666 37.0 0.9
116.0 -24.805 41.0 0.8
115.9 -25.25 42.0 0.8
116.6667 -25.2583 46.5 0.5
116.6867 -25.5333 47.0 0.5
116.6416 -25.8283 47.0 0.5
116.6 -26.0833 46.0 0.5
117.02 -26.09 34.0 0.8
117.225 -26.29 33.5 0.9
117.4017 -26.5333 33.5 0.9
117.5583 -26.8 34.0 0.9
117.7317 -27.1833 33.0 0.9
117.9 -27.4133 33.0 0.9
118.1667 -27.525 33.0 0.9
118.3417 -27.7083 33.0 0.9
118.5006 -27.8833 33.5 0.9
118.325 -28.2833 32.0 0.8
118.3483 -28.1167 33.0 0.9
118.068 -28.0166 34.0 0.8
118.9233 -28.005 34.5 0.8
119.2016 -28.0033 34.5 0.8
119.4833 -27.95 34.0 0.8
119.765 -27.975 32.5 0.9
120.07 -27.935 32.0 0.9
120.4467 -27.9633 33.0 0.9
120.6833 -27.9416 35.5 0.9
117.6833 -28.0416 32.0 0.8
118.0366 -28.1317 32.5 0.9
118.35 -28.2117 32.3 0.9
118.6833 -28.285 32.5 0.9
140.32654 -31.81051 38.6 0.8
140.29169 -31.63835 39.4 0.8
140.25676 -31.46423 40.9 0.8
140.2548 -31.28382 42.6 0.8
140.28754 -31.10811 41.7 0.7
140.20938 -30.95442 42.1 0.7
140.15937 -30.77998 41.6 0.8
140.12231 -30.6036 41.5 0.8
140.12135 -30.42636 39.6 0.7
140.01179 -30.2755 39.6 0.8
139.93556 -30.11007 39.1 0.7
139.80034 -29.97871 39.0 0.7
139.63902 -29.84434 38.9 0.7
137.40919 -31.9837 41.7 0.8
137.61238 -32.02138 42.1 0.7
137.8198 -31.9901 41.9 0.7
137.91623 -31.81968 41.5 0.8
138.12521 -31.8242 42.3 0.8
138.32549 -31.83399 42.3 0.7
138.53084 -31.87083 42.6 0.8
138.73228 -31.89535 39.8 0.7
138.89981 -31.81358 39.6 0.7
139.05862 -31.71243 39.0 0.8
135.38699 -32.85777 46.0 0.8
135.54836 -32.75779 42.5 0.8
135.75386 -32.78802 41.0 0.8
135.956 -32.84582 41.6 0.8
136.13968 -32.7713 40.9 0.8
136.34727 -32.74539 42.7 0.8
136.54445 -32.68973 43.0 0.8
136.74344 -32.64231 43.0 0.8
136.9539 -32.64579 43.0 0.8
137.15609 -32.67074 42.8 0.8
137.36025 -32.68857 41.9 0.8
137.52519 -32.78269 41.1 0.8
141.00235 -31.7404 38.7 0.8
140.79284 -31.73946 39.9 0.9
140.58264 -31.74836 39.6 0.8
140.38339 -31.77239 39.0 0.8
140.20283 -31.70428 39.4 0.8
140.00066 -31.66746 40.0 0.7
139.79219 -31.69339 42.9 0.7
139.58771 -31.65548 41.8 0.7
139.37932 -31.63167 39.3 0.7
139.17668 -31.67422 39.4 0.8
138.291 -20.5228 39.2 0.7
138.9491 -21.8033 43.8 0.7
139.1131 -21.8341 39.8 0.7
139.2868 -21.905 37.1 0.7
139.4618 -21.9486 35.6 0.7
139.788 -21.9221 38.1 0.7
140.0737 -21.9482 42.3 0.7
140.1661 -21.9582 36.1 0.7
140.4449 -22.0097 48.5 0.7
140.5028 -21.9288 40.1 0.7
140.5762 -21.9138 39.1 0.7
140.756 -21.9674 41.5 0.7
140.8366 -21.9228 38.4 0.7
141.1049 -21.8351 35.1 0.7
140.992 -37.15 37.7 0.8
141.07 -36.993 35.2 0.8
141.175 -36.828 33.4 0.8
140.617 -36.875 41.2 0.8
140.833 -36.866 38.2 0.8
141.033 -36.842 37.2 0.8
141.233 -36.85 34.4 0.8
141.441 -36.866 32.9 0.8
141.636 -36.873 33.4 0.8
141.858 -36.883 32.9 0.8
142.07 -36.9 33.4 0.8
142.86545 -38.26908 35.0 0.6
142.60039 -38.26012 35.0 0.6
142.32516 -38.25155 35.0 0.6
141.62692 -37.84384 35.0 0.6
141.40064 -37.74861 35.0 0.6
141.1426 -37.7157 35.0 0.6
140.91044 -37.60405 36.0 0.6
140.40017 -37.78088 36.0 0.6
140.24976 -37.59537 36.0 0.6
140.59898 -37.70589 33.0 0.6
140.56909 -37.92256 30.0 0.6
143.85293 -38.08322 39.0 0.5
143.83531 -38.30455 37.0 0.6
143.86769 -38.50108 37.0 0.5
143.20434 -38.27501 35.0 0.5
142.9246 -38.28968 34.0 0.6
141.0336 -37.10647 37.2 0.6
140.97127 -37.30991 36.6 0.6
140.97235 -37.53504 35.5 0.6
140.97027 -37.75996 35.0 0.6
140.96551 -37.98483 35.4 0.6
121.53685 -30.51146 36.0 0.7
121.15793 -30.37675 37.7 0.77
124.6778 -28.2881 40.7 0.77
124.78674 -28.20929 37.9 0.77
124.90633 -28.12513 38.8 0.77
121.31249 -28.92298 39.0 0.7
121.51642 -28.9321 40.0 0.7
121.71358 -28.969 40.0 0.7
121.86794 -28.86864 40.5 0.7
122.04622 -28.78672 40.5 0.7
122.21546 -28.71042 39.6 0.77
122.38964 -28.62512 39.8 0.77
122.57838 -28.56895 40.0 0.77
122.76495 -28.50775 41.4 0.77
122.932 -28.4107 41.6 0.77
123.13219 -28.41599 41.1 0.77
123.32072 -28.38133 41.5 0.77
123.48085 -28.27149 41.3 0.77
123.65932 -28.18528 42.0 0.77
123.8442 -28.13828 43.8 0.77
136.63528 -30.4521 40.0 0.7
136.83035 -30.46323 40.0 0.7
137.02654 -30.48171 40.0 0.7
137.3803 -29.5938 41.0 0.77
137.25237 -29.73158 41.0 0.77
137.1813 -29.90036 41.6 0.77
137.07338 -30.0532 42.6 0.77
136.98566 -30.21435 44.0 0.77
136.92562 -30.38327 39.4 0.77
136.91902 -30.55325 39.0 0.77
136.88825 -30.73072 39.9 0.8
136.90618 -30.90415 39.9 0.8
136.88376 -31.08274 39.9 0.8
142.07263 -36.88038 33.0 0.7
142.29583 -36.879 33.0 0.7
142.48056 -36.85725 38.9 0.7
142.63346 -36.88109 38.9 0.7
142.85251 -36.88555 39.1 0.7
143.03254 -36.79685 39.9 0.7
143.23064 -36.7792 41.5 0.7
143.38302 -36.651 41.6 0.73
143.60177 -36.67862 39.1 0.7
143.80346 -36.64043 39.0 0.7
143.856 -36.38244 40.7 0.7
144.0519 -36.44245 42.0 0.7
144.27187 -36.45841 42.2 0.7
144.4893 -36.48332 41.9 0.7
144.69308 -36.53938 41.0 0.7
144.91338 -36.54925 39.0 0.7
144.85591 -36.69034 36.0 0.7
145.07091 -36.64233 35.3 0.7
145.28879 -36.63685 36.0 0.7
145.51155 -36.64196 36.6 0.7
145.28879 -36.63685 39.2 0.7
145.51155 -36.64196 40.0 0.7
145.61148 -36.32166 38.6 0.7
145.63159 -36.14274 38.0 0.7
145.6317 -36.0165 36.8 0.7
141.40858 -32.16145 38.4 0.7
141.16374 -31.76425 38.8 0.73
141.34424 -31.79857 39.6 0.77
141.4805 -31.84299 38.9 0.77
141.42687 -31.78658 39.3 0.65
141.52175 -31.92789 40.1 0.65
141.62618 -32.05618 43.5 0.65
141.76013 -32.18189 43.6 0.65
141.83381 -32.34719 42.0 0.65
141.9546 -32.4783 40.9 0.65
142.12009 -32.56347 40.0 0.65
142.29962 -32.61779 40.0 0.65
142.41263 -32.63868 42.0 0.65
149.808 -35.392 39.0 0.8
148.58123 -25.11564 37.5 0.7
148.55536 -25.11475 36.5 0.77
148.73992 -25.18705 36.3 0.77
148.34128 -25.79786 39.7 0.77
142.46353 -26.6232 37.0 0.7
142.85635 -26.61059 40.0 0.77
143.26482 -26.6576 38.6 0.77
143.67109 -26.59864 39.0 0.77
144.08441 -26.63384 38.0 0.77
143.27054 -25.72629 41.0 0.77
141.90461 -26.09166 35.0 0.7
142.28345 -25.96918 37.0 0.8
142.69305 -25.99717 39.0 0.8
143.08948 -25.88515 39.0 0.8
143.16972 -25.25975 37.6 0.7
143.08379 -24.93998 38.8 0.7
143.05789 -24.63236 40.8 0.7
142.55983 -25.07402 39.2 0.8
142.94617 -25.09471 39.2 0.8
143.35673 -25.12217 40.0 0.8
143.76912 -25.12105 39.2 0.8
143.45293 -25.48601 39.0 0.7
143.83876 -25.47566 37.0 0.7
141.7643 -25.64345 40.0 0.9
142.17234 -25.59494 40.0 0.9
142.92804 -25.44119 39.6 0.9
144.37663 -26.63079 39.0 0.8
144.79027 -26.63691 39.0 0.77
144.41236 -26.44375 41.0 0.7
144.52813 -26.0981 42.0 0.7
144.59607 -25.72908 42.0 0.7
144.79229 -25.41308 41.0 0.7
142.9343 -24.41782 37.0 0.7
144.72352 -25.12663 39.0 0.8
144.31337 -25.11262 39.0 0.8
143.93038 -25.12089 39.6 0.77
143.97249 -25.55303 42.0 0.7
144.18548 -25.65618 43.0 0.77
144.53082 -25.84965 43.0 0.77
144.84969 -26.08383 43.0 0.77
145.19435 -26.29459 42.5 0.77
145.12948 -26.21951 45.0 0.77
145.57871 -25.26761 44.3 0.73
145.98725 -25.21025 43.0 0.73
145.02705 -26.64031 38.0 0.77
145.42969 -26.64057 41.0 0.77
145.82007 -26.72942 45.0 0.77
146.22175 -26.81449 47.0 0.77
146.63699 -26.86184 46.0 0.77
147.04488 -26.93384 41.0 0.77
147.46097 -26.95883 45.0 0.77
147.87896 -26.96813 40.0 0.77
148.29529 -26.98594 37.0 0.77
148.71089 -26.97477 37.0 0.77
149.10662 -27.06923 38.0 0.77
149.51981 -27.11016 39.0 0.77
149.91618 -27.22013 38.0 0.77
150.33268 -27.25657 38.0 0.77
150.73431 -27.3284 37.0 0.77
151.1443 -27.37919 36.0 0.77
151.56379 -27.39766 37.0 0.77
152.0141 -27.63836 41.0 0.77
152.41978 -27.68324 38.0 0.77
152.83061 -27.74502 37.0 0.77
153.15922 -27.75651 36.0 0.77
132.12369 -23.95026 45.0 0.6
132.25995 -23.64526 45.0 0.6
132.20158 -23.3619 47.0 0.6
132.25993 -23.34612 48.0 0.6
132.4969 -23.04231 50.0 0.6
132.64002 -22.69774 40.0 0.6
132.75391 -22.36924 45.0 0.6
132.91429 -23.53058 47.0 0.6
133.00646 -23.36371 47.0 0.6
151.42361 -27.36186 34.0 0.77
151.38351 -27.547 37.8 0.77
151.3886 -27.5165 39.0 0.77
151.6622 -27.6001 38.4 0.77
148.29531 -27.1584 39.8 0.77
148.33663 -26.89452 39.8 0.77
148.36099 -26.64599 39.8 0.77
148.07792 -27.13409 41.8 0.8
148.31817 -27.16076 40.6 0.77
148.63826 -23.92713 35.3 0.6
148.57244 -23.7523 36.0 0.6
148.8182 -23.64126 34.0 0.6
149.05803 -23.54541 35.0 0.6
149.30778 -23.42047 36.0 0.6
149.55225 -23.36584 38.0 0.6
145.4509 -31.4327 42.0 0.6
145.3558 -31.4092 42.0 0.6
145.5764 -31.3757 42.0 0.6
145.523 -31.8464 43.0 0.6
145.7431 -31.6619 42.0 0.6
121.59235 -31.6143 36.0 0.73
121.96136 -31.58164 36.0 0.73
120.15325 -30.59456 40.8 0.73
120.35879 -30.56892 38.9 0.8
120.56601 -30.56441 37.2 0.73
120.77446 -30.5642 36.3 0.73
120.9817 -30.5501 37.3 0.77
121.18844 -30.5353 37.8 0.77
121.39404 -30.51506 37.6 0.77
121.58583 -30.45475 38.3 0.77
121.79372 -30.4594 38.8 0.7
121.99989 -30.44094 38.7 0.77
122.2029 -30.40337 38.4 0.77
141.8951 -37.9861 39.0 0.6
129.83914 -27.61746 45.0 0.6
130.26132 -28.9946 44.5 0.6
130.22595 -29.17129 44.0 0.6
130.46365 -28.89702 44.0 0.6
130.87154 -28.85811 45.4 0.6
131.23443 -28.69879 45.0 0.6
131.58748 -28.51795 45.7 0.6
147.73737 -41.44353 31.5 0.6
147.95196 -41.47962 32.0 0.6
145.68157 -41.56594 33.7 0.6
145.88091 -41.56167 34.6 0.6
146.05934 -41.55525 35.7 0.6
145.22283 -41.72944 33.6 0.6
145.39724 -41.72242 33.5 0.6
145.57965 -41.71884 33.4 0.6
120.07009 -23.37118 33.0 0.6
118.75916 -22.74572 33.0 0.6
118.78155 -23.15287 33.0 0.6
118.82365 -23.27646 32.0 0.6
149.07028 -33.56709 42.0 0.6
148.93214 -33.08814 42.0 0.6
141.66356 -31.24245 42.0 0.6
141.78826 -31.16182 43.3 0.6
141.90736 -31.07359 43.8 0.6
142.02164 -30.98105 42.7 0.6
142.11743 -30.87447 42.7 0.6
142.22933 -30.78089 43.7 0.6
142.35348 -30.70087 43.8 0.6
142.47613 -30.61679 43.9 0.6
142.56095 -30.50794 43.9 0.6
142.6213 -30.38418 43.0 0.6
142.72626 -30.2886 44.6 0.6
121.65623 -30.64527 36.0 0.65
120.98567 -30.46291 36.5 0.77
121.34101 -30.33589 38.6 0.77
136.18745 -16.10251 53.0 0.6
135.81392 -16.28843 52.0 0.6
135.4715 -16.23348 51.0 0.6
141.53894 -31.94589 39.6 0.6
141.51567 -31.90725 39.3 0.6
141.49166 -31.8683 39.0 0.6
144.63477 -30.80008 32.0 0.87
144.47368 -30.90055 31.0 0.87
144.32515 -31.02483 31.6 0.87
144.15469 -31.1205 32.3 0.87
144.00132 -31.23174 33.0 0.87
144.59996 -29.83835 42.0 0.5
144.58276 -29.97624 43.0 0.5
144.55851 -30.15456 42.0 0.6
144.61003 -30.32033 40.3 0.7
144.59876 -30.49325 35.9 0.77
144.56115 -30.66752 33.2 0.8
144.60253 -30.80269 32.2 0.8
144.05255 -30.4561 38.0 0.7
144.02068 -30.6009 36.6 0.7
144.03528 -30.7775 34.0 0.77
143.98277 -30.94273 33.3 0.77
143.96442 -31.07523 33.0 0.77
145.32753 -33.60911 35.6 0.6
145.50037 -33.51074 32.4 0.6
145.69453 -33.44818 34.4 0.7
145.72859 -33.4284 34.3 0.7
145.89326 -33.389 36.4 0.7
146.06429 -33.31965 38.6 0.7
146.21246 -33.20564 38.0 0.7
146.39606 -33.14665 37.0 0.7
144.8979 -32.31391 39.0 0.7
145.09042 -32.25195 38.7 0.7
145.30066 -32.27664 41.6 0.7
145.5113 -32.29954 42.4 0.7
145.72208 -32.32194 39.0 0.8
145.93285 -32.34465 38.0 0.7
146.14377 -32.36685 39.0 0.7
146.31901 -32.38442 40.0 0.7
148.98 -30.6083 42.0 0.6
149.2728 -30.5975 42.0 0.6
149.5589 -30.5795 41.5 0.6
149.8283 -30.6273 41.3 0.6
150.1171 -30.6775 40.6 0.6
150.4135 -30.6764 40.0 0.6
150.6944 -30.7568 39.0 0.6
150.9028 -30.6266 38.0 0.6
151.1278 -30.6085 37.0 0.6
151.628 -30.4198 36.0 1.0
121.678 -31.073 40.0 0.9
148.9986 -35.3208 49.0 0.8
146.2544 -20.0883 40.0 1.0
134.3409 -19.9443 50.0 0.9
147.3204 -42.9099 32.0 1.0
117.233 -32.927 42.0 0.9
119.833 -21.16 29.0 1.0
151.63 -30.42 36.0 0.95
136.06 -32.81 42.0 0.95
116.71 -30.61 36.0 0.95
143.17 -13.96 38.0 0.95
146.25 -20.09 40.0 0.95
151.08 -25.37 37.0 0.95
125.64 -18.1 44.0 0.9
128.06 -30.78 39.0 0.95
121.88 -31.37 38.0 0.95
119.73 -21.16 32.0 0.95
147.19 -42.44 33.0 0.95
116.21 -31.98 53.0 0.95
117.23 -32.93 41.0 0.95
141.6 -31.88 43.0 0.95
145.49 -37.57 34.0 0.95
134.3409 -19.9443 49.0 0.95
148.4 -34.3 37.0 0.6
137.626 -34.63 43.0 0.8
141.8383 -36.7699 34.0 0.8
140.4311 -36.6541 49.0 0.6
139.8564 -37.0663 30.3 0.8
140.8707 -37.8647 40.0 0.6
141.5952 -31.8769 39.8 0.6
145.5985 -37.5714 38.8 0.5
145.5985 -32.9316 38.1 0.8
145.08075 -33.97678 24.0 0.4
146.26675 -34.36415 31.0 0.8
146.43321 -33.4357 43.9 0.6
148.84802 -33.2547 28.3 0.6
149.03448 -34.28469 36.1 0.6
147.7299 -34.828 43.0 0.6
148.99631 -35.3188 38.0 0.4
135.8373 -33.7839 45.2 0.8
136.5128 -32.5177 40.4 0.8
137.0613 -31.6692 43.0 0.8
137.0625 -29.7119 41.5 0.8
138.0309 -31.9705 39.6 0.8
138.6775 -31.0911 42.1 0.8
139.7331 -29.8957 31.3 0.6
139.8651 -32.3197 43.0 0.8
140.7935 -31.5931 40.2 0.8
143.1786 -13.9594 36.0 1.0
144.4852 -17.3644 32.0 1.0
142.6667 -20.3386 40.0 0.9
140.1428 -22.9436 35.0 1.0
144.2722 -23.2033 39.0 0.8
148.3067 -22.8981 37.0 0.9
146.7803 -26.0328 38.0 0.8
150.8907 -25.71 36.0 0.9
139.5834 -25.7834 32.0 1.0
142.8834 -26.5001 35.0 0.8
140.2502 -28.6 32.0 1.0
145.0001 -29.3334 36.0 1.0
141.5835 -31.8668 36.0 1.0
140.1335 -35.0334 35.0 1.0
144.5001 -34.6501 44.0 0.8
141.9668 -37.4168 38.0 0.9
146.8501 -32.2834 41.0 0.8
149.0001 -28.6501 44.0 0.8
152.25 -28.8501 36.0 0.95
150.9835 -31.9667 39.0 0.9
131.5017 -13.4 41.0 1.0
134.0045 -14.8857 39.0 1.0
129.3168 -16.6298 43.0 0.95
133.3075 -16.6055 38.0 0.95
135.7839 -16.967 45.0 0.9
128.1179 -19.1437 40.0 0.9
138.3294 -19.3691 39.0 0.95
131.3672 -22.2748 40.0 1.0
136.2953 -22.3969 40.0 0.9
133.3241 -25.19 38.0 1.0
128.3035 -25.0338 41.0 1.0
133.3251 -25.1907 42.0 1.0
125.1857 -27.0515 40.0 0.9
128.9887 -28.5104 47.0 0.8
133.5851 -29.0013 38.0 1.0
135.9021 -28.4963 28.0 0.9
139.4215 -30.4324 36.0 0.8
136.0657 -32.8436 40.0 1.0
115.1203 -23.8348 34.0 1.0
115.9054 -26.5835 36.0 0.95
120.4509 -28.1715 35.0 1.0
116.848 -29.9164 36.0 1.0
121.7725 -30.2833 42.0 0.95
119.5747 -32.775 25.0 0.8
122.788 -32.0385 28.0 0.9
125.7158 -17.0828 40.0 0.95
126.4928 -20.4387 30.0 1.0
117.861 -21.798 32.0 0.8
120.0003 -23.9547 39.0 1.0
123.0122 -25.2932 42.0 0.8
126.8838 -18.6192 42.0 1.0
130.4773 -15.658 38.0 1.0
128.0 -16.0128 29.0 0.8
127.2478 -15.9282 43.0 1.0
124.9123 -16.8185 38.0 1.0
126.2418 -18.868 38.0 1.0
127.4645 -17.2813 45.0 1.0
128.4785 -16.5962 43.0 0.95
126.0985 -17.34617 38.0 0.9
119.9769 -23.9436 37.0 0.9
121.9324 -26.1861 44.0 0.9
115.8435 -28.384 35.0 1.0
122.4518 -28.4754 43.0 1.0
118.3518 -30.7247 34.0 1.0
122.7921 -32.0364 29.0 0.9
119.6784 -32.856 34.0 0.8
116.0545 -34.0058 30.0 0.6
119.1048 -26.1036 41.0 0.7
118.7924 -25.5355 42.0 0.6
118.7502 -24.9813 42.0 0.7
118.9733 -24.3993 42.0 0.6
119.1585 -23.5312 35.0 0.9
118.4001 -22.0658 32.0 1.0
116.6072 -31.8453 44.0 0.9
117.2649 -31.8315 43.0 1.0
117.7736 -31.5081 36.0 1.0
118.3594 -31.2958 40.0 1.0
118.939 -31.1258 38.0 1.0
120.5363 -31.1275 38.0 1.0
121.7726 -30.7807 36.0 1.0
122.5106 -30.4184 41.0 0.9
119.7366 -28.4149 43.0 0.8
120.4556 -28.6642 40.0 1.0
121.495 -28.6564 42.0 1.0
122.0287 -28.6682 44.0 0.9
122.9494 -28.4328 48.0 0.7
116.7 -28.4 31.0 1.0
117.4 -28.2 32.0 1.0
118.1 -28.2 32.0 1.0
119.0 -28.0 37.0 1.0
118.8 -28.7 39.0 1.0
121.2603 -29.2819 42.0 0.6
118.9 -29.6 36.0 0.9
120.4 -30.55 37.0 0.9
122.3 -31.8 35.0 0.9
121.0932 -31.2135 36.0 0.9
121.0848 -30.2113 40.0 0.9
122.5985 -31.0228 36.0 0.9
122.5463 -29.9692 42.0 0.9
122.7078 -30.4755 40.0 0.9
122.5167 -28.95 42.0 0.9
119.8232 -31.2568 34.0 0.6
122.7785 -28.871 42.0 0.9
144.4785 -18.9266 39.0 1.0
139.4055 -20.1466 42.0 1.0
140.975 -21.6755 38.0 0.8
144.4989 -22.7182 37.0 1.0
137.9579 -22.2564 42.0 1.0
135.6676 -22.9605 38.0 0.8
142.638 -25.1977 35.0 1.0
134.7647 -25.6821 26.0 0.6
142.4769 -27.3609 34.0 0.9
145.626 -27.6465 35.0 0.6
135.5968 -27.6342 32.0 0.9
137.8827 -29.7267 40.0 0.6
141.925 -29.82 30.0 0.6
137.2283 -30.741 37.0 0.9
144.9017 -31.4167 27.0 0.9
139.5719 -31.6571 42.0 0.6
138.8831 -32.5109 35.0 0.8
141.4514 -33.3408 36.0 0.8
137.03 -31.6601 37.0 1.0
134.8819 -31.9891 40.0 0.8
136.49 -32.5201 38.0 0.8
135.817 -33.7909 39.0 1.0
114.2875 -26.2087 29.0 0.9
114.8013 -24.9645 30.0 0.9
114.5476 -23.1531 33.0 0.9
115.445 -22.4859 32.0 0.9
115.8901 -21.5608 36.0 0.9
117.03 -23.38 32.0 0.9
117.6393 -20.8903 29.0 0.9
118.7238 -20.6287 28.0 0.9
120.20745 -20.26252 32.0 0.6
120.07762 -20.63211 32.0 1.0
119.833 -21.16 30.0 1.0
119.39537 -21.73018 30.0 1.0
118.66885 -22.32913 30.0 1.0
117.66577 -22.28227 34.0 0.8
117.43997 -22.88227 34.0 0.8
117.51505 -23.98922 40.0 0.95
116.95523 -24.2939 42.0 0.9
116.90855 -24.86183 38.0 0.9
117.12275 -25.46535 44.0 0.6
117.39922 -25.79007 32.0 0.9
117.18493 -26.38952 36.0 1.0
117.60077 -26.92969 36.0 1.0
120.21862 -21.21695 30.0 0.95
120.88753 -21.26672 36.0 0.95
121.85143 -21.51248 41.0 0.6
122.13602 -21.58517 40.0 0.8
137.78151 -19.92635 40.8 0.9
136.95413 -19.87102 41.8 0.9
136.14584 -19.74057 44.3 0.9
135.37101 -19.33215 47.0 0.9
134.54452 -19.43195 40.2 0.9
134.04558 -18.87315 41.6 0.9
134.33013 -19.92134 46.1 0.75
134.29629 -20.59152 35.5 0.75
134.02509 -21.11435 40.6 0.9
133.71272 -21.5827 45.8 0.9
133.48996 -22.15273 45.1 0.9
133.48053 -22.73856 46.3 0.9
133.48275 -23.40137 47.8 0.9
133.36761 -23.92982 45.3 0.75
133.28708 -24.38754 46.2 0.8
133.30189 -24.92318 43.4 0.75
133.11106 -25.5487 46.9 0.9
133.29505 -26.1459 52.8 0.8
133.30983 -26.67183 40.3 0.9
133.53237 -27.37108 41.4 0.9
134.16276 -27.93073 49.0 0.7
134.40654 -28.99776 40.3 0.75
134.62849 -30.19347 40.8 0.9
135.28295 -31.27692 40.4 0.9
135.09094 -32.14589 37.0 0.6
146.74 -32.88 32.0 0.8
147.3 -32.89 35.0 0.8
147.86 -32.88 35.0 0.8
148.49 -32.91 27.0 0.9
148.91 -32.9 39.0 0.9
149.5 -32.88 41.0 0.6
146.26 -33.44 38.0 0.8
148.44 -33.37 41.0 0.9
148.92 -33.35 38.0 0.7
149.99 -33.33 37.0 0.8
146.25 -33.84 38.0 0.6
147.3 -33.85 34.0 0.8
148.45 -33.83 30.0 0.8
149.46 -33.8 38.0 0.8
150.01 -33.82 26.0 0.8
150.5 -34.05 39.0 0.7
146.81 -34.37 39.0 0.8
149.46 -34.33 37.0 0.9
147.35 -34.86 44.0 0.7
148.46 -34.86 43.0 0.7
149.46 -34.83 44.0 0.85
149.85 -34.81 38.0 0.9
147.06 -35.44 39.0 0.85
147.83 -35.4 48.0 0.6
148.43 -35.39 45.0 0.6
147.68 -36.04 40.0 0.7
149.04 -35.99 53.0 0.9
135.6484 -33.9368 37.0 0.9
136.1945 -33.9552 36.0 0.9
136.7066 -33.5066 38.0 0.9
136.1996 -33.0589 42.0 0.9
136.811 -33.0187 40.0 0.9
137.2214 -33.0216 40.0 0.9
136.7199 -32.6053 42.0 0.9
137.2378 -32.6037 41.0 0.9
136.439 -32.1582 44.0 0.9
137.213 -32.1075 43.0 0.9
135.6453 -31.6942 44.0 0.6
136.445 -31.7329 43.0 0.9
137.2456 -31.7028 43.0 0.9
136.6757 -31.2684 43.0 0.6
119.443083 -34.287639 35.9 0.9
119.423 -34.200944 37.7 0.9
119.308444 -33.740861 61.7 0.5
119.241722 -33.494639 42.9 0.9
119.161806 -33.272583 34.1 0.9
119.130694 -33.070667 33.3 0.9
119.054111 -32.854389 33.3 0.9
118.903083 -32.350472 33.3 0.9
119.553089 -34.626544 30.1 0.9
119.600614 -34.80135 28.4 0.9
119.684069 -35.106722 20.1 0.9
119.732003 -35.280797 14.0 0.9
119.791164 -35.494733 11.6 0.9
119.8228 -35.608783 10.7 0.9
149.8007 -24.2693 36.0 1.0
148.1609 -22.1466 39.0 1.0
136.7253 -16.1806 40.0 1.0
137.9183 -17.2658 40.0 1.0
148.4209 -37.7992 36.0 1.0
147.9761 -38.4945 25.0 1.0
147.2897 -39.4666 30.0 1.0
117.705 -32.192 37.2 1.0
116.025 -32.0683 36.6 1.0
118.0967 -31.6568 35.6 1.0
120.2258 -31.3067 35.1 1.0
130.3029 -30.5312 36.5 1.0
133.3317 -30.3854 40.5 1.0
147.3784 -9.4617 29.0 1.0
147.0311 -9.1938 27.0 1.0
120.0365 -20.9236 31.0 1.0
119.6858 -20.7773 28.0 1.0
119.9956 -22.8495 37.0 1.0
119.3728 -20.6715 29.0 1.0
118.1127 -22.4954 34.0 1.0
117.8667 -22.7673 36.0 1.0
116.9965 -22.0381 33.0 1.0
119.3508 -23.2326 39.0 1.0
119.3508 -23.2326 39.0 1.0
117.8424 -32.0552 39.0 1.0
147.8025 -43.1572 33.1 1.0
149.9167 -12.58 15.1 1.0
153.9667 -13.85 16.3 1.0
149.65 -13.1333 10.7 1.0
154.9667 -14.5167 19.7 1.0
148.6505 -36.8243 50.0 1.0
147.7517 -36.1547 44.5 1.0
147.3767 -36.1167 42.0 1.0
149.61 -35.1008 51.0 1.0
147.9287 -36.3345 52.0 1.0
150.3169 -34.391 39.0 1.0
150.8146 -32.8438 43.5 1.0
149.4407 -34.7598 43.0 1.0
142.5265 -26.6591 36.4 1.0
143.0366 -26.6537 36.4 1.0
144.5429 -26.6056 41.0 1.0
144.0547 -26.6123 40.0 1.0
144.0058 -27.6541 39.0 1.0
144.362 -26.8073 39.0 1.0
144.4854 -26.3526 39.5 1.0
145.1789 -25.09 39.0 1.0
145.229 -24.1646 38.0 1.0
147.0365 -26.9221 38.0 1.0
151.5112 -30.5725 34.0 1.0
151.18 -31.9777 35.0 1.0
151.18 -31.9777 35.0 1.0
151.6726 -30.2508 35.0 1.0
151.9672 -28.7349 36.0 1.0
151.9337 -28.8828 36.0 1.0
151.7686 -27.8293 36.0 1.0
151.7265 -32.4709 34.0 1.0
148.2896 -26.9757 36.0 1.0
148.3061 -26.9573 36.0 1.0
148.2854 -26.9426 35.0 1.0
148.3247 -26.9554 35.5 1.0
147.3652 -26.9647 41.0 1.0
147.812 -26.9221 43.0 1.0
149.2353 -34.979 47.0 1.0
149.0106 -34.441 47.0 1.0
149.0104 -33.8478 47.0 1.0
148.9526 -33.4302 45.0 1.0
148.9284 -32.9582 41.5 1.0
148.9915 -32.2693 39.4 1.0
141.5253 -38.2585 29.0 1.0
142.2333 -38.239 27.0 1.0
142.2333 -38.0443 31.0 1.0
143.0677 -38.2703 31.0 1.0
111.7734 -17.0953 18.5 1.0
112.816 -17.6743 21.5 1.0
113.633 -18.1266 23.5 1.0
114.4426 -18.5734 23.5 1.0
115.2754 -19.0318 28.5 1.0
108.68 -32.83 10.1 1.0
111.52 -29.7 11.3 1.0
115.55 -13.78 14.7 1.0
118.43 -13.52 14.0 1.0
143.6791 -36.2169 35.8 1.0
129.4924 -11.8405 35.0 1.0
129.1531 -12.1712 34.5 1.0
128.8381 -12.4751 22.5 1.0
128.4965 -12.8043 26.5 1.0
128.181 -13.1085 26.0 1.0
127.8399 -13.4391 16.5 1.0
127.5252 -13.7449 32.5 1.0
127.383 -13.8871 32.5 1.0
131.0296 -12.8479 31.4 1.0
132.3928 -15.8683 43.9 1.0
116.2 -36.1 11.8 1.0
134.3 -37.0 11.5 1.0
135.8 -36.42 17.5 1.0
130.4735 -10.5938 32.8 1.0
147.6582 -38.9182 30.0 1.0
117.3347 -15.6374 14.0 1.0
117.8669 -16.3885 18.5 1.0
118.3968 -17.1341 36.5 1.0
118.3918 -17.1267 36.5 1.0
118.9439 -17.8581 39.5 1.0
119.5312 -18.5657 31.5 1.0
120.0969 -19.2911 27.5 1.0
149.066 -24.5842 32.0 1.0
124.6649 -11.0721 25.4 1.0
125.0419 -11.4706 27.7 1.0
125.4372 -11.8878 28.9 1.0
126.6179 -13.1174 29.6 1.0
148.1567 -41.2208 24.0 1.0
147.8025 -43.1572 23.5 1.0
147.6857 -42.2662 24.8 1.0
146.2768 -41.2307 26.9 1.0
146.2768 -41.2307 32.6 1.0
146.178 -41.7588 35.0 1.0
144.9163 -40.4517 32.0 1.0
146.7542 -41.3589 24.8 1.0
145.2218 -41.4795 23.8 1.0
148.2855 -41.2462 23.4 1.0
130.2855 -10.7478 34.0 1.0
119.1139 -12.4839 17.6 1.0
120.0675 -13.1941 24.2 1.0
120.8395 -13.7679 25.0 1.0
121.9891 -14.7169 24.5 1.0
122.8112 -15.4486 36.7 1.0
150.8333 -14.8333 18.8 1.0
125.1224 -14.6236 35.0 1.0
129.05 -36.89 11.8 1.0
126.86 -34.95 17.0 1.0
122.57 -35.52 13.5 1.0
126.59 -36.65 12.1 1.0
127.25 -35.16 14.5 1.0
126.37 -35.27 13.0 1.0
125.72 -34.5 13.9 1.0
126.86 -34.95 16.8 1.0
129.05 -36.89 11.3 1.0
131.48 -36.71 11.7 1.0
134.52 -36.39 15.6 1.0
121.91 -35.91 13.1 1.0
129.36 -35.37 15.9 1.0
132.6 -36.2 15.9 1.0
140.0 -39.26 15.0 1.0
119.8467 -23.3117 37.0 1.0
118.7452 -21.5965 29.0 1.0
117.5933 -23.2233 36.0 1.0
116.71 -21.67 33.0 1.0
148.5015 -34.5425 45.0 1.0
147.0179 -34.6662 42.0 1.0
132.0211 -15.1083 45.0 1.0
144.3 -40.5 25.0 0.7
144.8 -41.0 25.0 0.7
145.3 -41.25 30.0 0.7
146.2 -41.5 32.0 0.7
148.0 -41.2 28.0 0.7
132.165 -23.855 44.0 0.65
132.2665 -23.6607 46.0 0.65
132.1092 -23.3807 48.0 0.65
132.1167 -23.295 50.0 0.65
132.1561 -23.1683 52.0 0.65
132.1653 -23.0202 33.0 0.65
132.1605 -22.7428 36.0 0.65
132.215 -22.5458 40.0 0.65
132.1832 -22.3885 40.0 0.65
132.6176 -24.0067 45.0 0.65
132.6669 -23.7538 46.0 0.65
132.7392 -23.6568 47.0 0.65
132.7373 -23.3781 50.0 0.65
132.6956 -23.1652 52.0 0.65
132.6609 -23.0667 54.0 0.65
132.7067 -23.0196 32.0 0.65
132.6737 -22.9374 36.0 0.65
132.7117 -22.6267 40.0 0.65
132.6813 -22.3408 45.0 0.65
131.0933 -27.0017 40.0 0.65
131.0975 -26.9045 40.0 0.65
131.1178 -26.7514 38.0 0.65
131.1017 -26.6167 36.0 0.65
131.0638 -26.5341 52.0 0.65
131.0775 -26.3353 52.0 0.65
131.1652 -26.1009 50.0 0.65
131.2233 -25.7504 49.0 0.65
131.193 -25.48 47.0 0.65
131.1758 -24.9455 47.0 0.65
148.0 -16.0 25.0 0.7
153.0 -21.0 20.0 0.7
156.0 -26.0 15.0 0.7
155.0 -31.0 15.0 0.7
154.0 -36.0 15.0 0.7
153.0 -41.0 15.0 0.7
132.0 -25.0 38.0 0.7
132.0 -25.75 46.9 0.7
132.0 -26.8 36.0 0.7
117.6 -18.6 37.0 0.7
121.0 -17.0 37.0 0.7
148.1609 -22.1466 36.0 0.7
148.6609 -22.8466 36.0 0.7
149.8007 -24.2693 39.0 0.7
149.3007 -23.5693 39.0 0.7
133.8779 -16.351 53.0 0.7
134.6779 -16.451 53.0 0.7
135.644 -16.6984 53.0 0.7
134.844 -16.5984 53.0 0.7
132.4892 -23.1123 56.0 0.7
133.0892 -23.1323 56.0 0.7
146.5433 -21.254 40.3 0.7
146.5433 -22.054 40.3 0.7
129.4021 -17.9477 40.0 0.7
129.6021 -18.9477 40.0 0.7
116.3118 -33.4387 37.2 0.7
116.7118 -33.0387 37.2 0.7
119.4892 -30.7858 35.0 0.7
119.0892 -31.1858 35.0 0.7
116.2577 -30.9882 35.9 0.7
116.6577 -31.3882 35.9 0.7
119.2377 -33.3327 37.0 0.7
118.8377 -32.9327 37.0 0.7
144.1117 -17.9325 34.0 0.7
145.1117 -17.9325 34.0 0.7
142.7564 -13.6077 39.0 0.7
142.7564 -14.6077 39.0 0.7
134.5022 -19.4351 50.5 0.7
135.5022 -19.5851 50.5 0.7
139.1381 -20.3782 55.0 0.7
138.1381 -20.2282 55.0 0.7
126.6261 -30.8697 40.0 0.49
128.6261 -30.8697 40.0 0.49
132.1091 -25.9787 40.0 0.49
132.9091 -26.9787 40.0 0.49
138.4415 -20.7064 54.5 0.7
138.8415 -20.7264 54.5 0.7
140.5197 -20.9157 56.5 0.7
140.1197 -20.8957 56.5 0.7
141.6018 -20.9171 43.0 0.7
142.0018 -20.9371 43.0 0.7
140.4088 -31.406 34.9 0.7
140.8088 -31.506 34.9 0.7
141.9003 -31.9793 41.4 0.7
141.5003 -31.8793 41.4 0.7
143.1678 -32.6845 31.8 0.7
143.5678 -32.7845 31.8 0.7
138.8231 -33.333 39.0 0.7
139.8231 -33.533 39.0 0.7
133.1546 -23.9782 60.0 0.7
132.5546 -23.9582 60.0 0.7
133.95 -21.0 57.0 0.56
133.65 -22.0 57.0 0.56
155.0 -45.0 10.0 1.0
155.5 -40.0 10.0 1.0
156.7 -35.0 10.0 1.0
157.0 -33.0 10.0 1.0
157.5 -30.0 10.0 1.0
157.7 -28.0 10.0 1.0
157.75 -25.0 10.0 1.0
157.75 -23.0 10.0 1.0
