 0.00000000e+00 3.25601505e+01 5.00000000e+00
 1.00000000e+00 3.31301978e+01 5.00000000e+00
 2.00000000e+00 3.42144080e+01 5.00000000e+00
 3.00000000e+00 3.13320977e+01 5.00000000e+00
 4.00000000e+00 3.57544859e+01 5.00000000e+00
 5.00000000e+00 4.09129580e+01 5.00000000e+00
 6.00000000e+00 3.55950303e+01 5.00000000e+00
 7.00000000e+00 2.97934318e+01 5.00000000e+00
 8.00000000e+00 3.92671089e+01 5.00000000e+00
 9.00000000e+00 3.83131761e+01 5.00000000e+00
 1.00000000e+01 3.82782117e+01 5.00000000e+00
 1.10000000e+01 3.92083416e+01 5.00000000e+00
 1.20000000e+01 4.27806142e+01 5.00000000e+00
 1.30000000e+01 3.39806695e+01 5.00000000e+00
 1.40000000e+01 3.18076529e+01 5.00000000e+00
 1.50000000e+01 3.99540971e+01 5.00000000e+00
 1.60000000e+01 4.18077463e+01 5.00000000e+00
 1.70000000e+01 3.92750061e+01 5.00000000e+00
 1.80000000e+01 3.69413461e+01 5.00000000e+00
 1.90000000e+01 4.46649369e+01 5.00000000e+00
 2.00000000e+01 4.19192454e+01 5.00000000e+00
 2.10000000e+01 4.63666787e+01 5.00000000e+00
 2.20000000e+01 4.30718569e+01 5.00000000e+00
 2.30000000e+01 4.60422076e+01 5.00000000e+00
 2.40000000e+01 4.40187206e+01 5.00000000e+00
 2.50000000e+01 5.12944175e+01 5.00000000e+00
 2.60000000e+01 6.30556942e+01 5.00000000e+00
 2.70000000e+01 6.21920579e+01 5.00000000e+00
 2.80000000e+01 5.79476029e+01 5.00000000e+00
 2.90000000e+01 5.95946996e+01 5.00000000e+00
 3.00000000e+01 5.83268832e+01 5.00000000e+00
 3.10000000e+01 6.84707977e+01 5.00000000e+00
 3.20000000e+01 6.60376967e+01 5.00000000e+00
 3.30000000e+01 6.97760778e+01 5.00000000e+00
 3.40000000e+01 6.52436801e+01 5.00000000e+00
 3.50000000e+01 7.48653206e+01 5.00000000e+00
 3.60000000e+01 7.90798566e+01 5.00000000e+00
 3.70000000e+01 8.35685550e+01 5.00000000e+00
 3.80000000e+01 8.36898737e+01 5.00000000e+00
 3.90000000e+01 8.95414290e+01 5.00000000e+00
 4.00000000e+01 9.92993792e+01 5.00000000e+00
 4.10000000e+01 9.26094001e+01 5.00000000e+00
 4.20000000e+01 1.09949740e+02 5.00000000e+00
 4.30000000e+01 1.02022509e+02 5.00000000e+00
 4.40000000e+01 1.07824549e+02 5.00000000e+00
 4.50000000e+01 1.14940879e+02 5.00000000e+00
 4.60000000e+01 1.17437897e+02 5.00000000e+00
 4.70000000e+01 1.23401077e+02 5.00000000e+00
 4.80000000e+01 1.22401608e+02 5.00000000e+00
 4.90000000e+01 1.22352217e+02 5.00000000e+00
 5.00000000e+01 1.78602791e+00 5.00000000e+00
 5.10000000e+01 -2.54643997e+00 5.00000000e+00
 5.20000000e+01 4.61722949e+00 5.00000000e+00
 5.30000000e+01 1.03974750e+01 5.00000000e+00
 5.40000000e+01 1.30151882e+01 5.00000000e+00
 5.50000000e+01 2.12620635e+01 5.00000000e+00
 5.60000000e+01 1.69278734e+01 5.00000000e+00
 5.70000000e+01 3.05115289e+01 5.00000000e+00
 5.80000000e+01 1.46046235e+01 5.00000000e+00
 5.90000000e+01 2.76928175e+01 5.00000000e+00
 6.00000000e+01 2.63774463e+01 5.00000000e+00
 6.10000000e+01 3.92992037e+01 5.00000000e+00
 6.20000000e+01 3.89213763e+01 5.00000000e+00
 6.30000000e+01 4.46002341e+01 5.00000000e+00
 6.40000000e+01 4.33741010e+01 5.00000000e+00
 6.50000000e+01 3.86491488e+01 5.00000000e+00
 6.60000000e+01 4.99412490e+01 5.00000000e+00
 6.70000000e+01 4.53128316e+01 5.00000000e+00
 6.80000000e+01 4.51015355e+01 5.00000000e+00
 6.90000000e+01 4.85634259e+01 5.00000000e+00
 7.00000000e+01 5.14510554e+01 5.00000000e+00
 7.10000000e+01 5.00011898e+01 5.00000000e+00
 7.20000000e+01 5.37876543e+01 5.00000000e+00
 7.30000000e+01 5.78026500e+01 5.00000000e+00
 7.40000000e+01 4.85766947e+01 5.00000000e+00
 7.50000000e+01 5.92786138e+01 5.00000000e+00
 7.60000000e+01 6.15184743e+01 5.00000000e+00
 7.70000000e+01 5.24527086e+01 5.00000000e+00
 7.80000000e+01 5.24084858e+01 5.00000000e+00
 7.90000000e+01 5.43805897e+01 5.00000000e+00
 8.00000000e+01 6.12760300e+01 5.00000000e+00
 8.10000000e+01 5.86314232e+01 5.00000000e+00
 8.20000000e+01 6.99597260e+01 5.00000000e+00
 8.30000000e+01 5.56911878e+01 5.00000000e+00
 8.40000000e+01 5.66515999e+01 5.00000000e+00
 8.50000000e+01 5.70458106e+01 5.00000000e+00
 8.60000000e+01 6.32162443e+01 5.00000000e+00
 8.70000000e+01 6.20058829e+01 5.00000000e+00
 8.80000000e+01 6.11913233e+01 5.00000000e+00
 8.90000000e+01 5.91261198e+01 5.00000000e+00
 9.00000000e+01 6.45781487e+01 5.00000000e+00
 9.10000000e+01 6.13107596e+01 5.00000000e+00
 9.20000000e+01 5.27595364e+01 5.00000000e+00
 9.30000000e+01 6.08073987e+01 5.00000000e+00
 9.40000000e+01 6.90139395e+01 5.00000000e+00
 9.50000000e+01 4.98566241e+01 5.00000000e+00
 9.60000000e+01 6.16567059e+01 5.00000000e+00
 9.70000000e+01 5.09565409e+01 5.00000000e+00
 9.80000000e+01 6.22067097e+01 5.00000000e+00
 9.90000000e+01 4.93505718e+01 5.00000000e+00
 1.00000000e+02 4.86955641e+01 5.00000000e+00
