0.0 25.8788999022 5.0
1.0101010101 29.4683636109 5.0
2.0202020202 45.4396120302 5.0
3.0303030303 38.0501750435 5.0
4.0404040404 29.2525938453 5.0
5.05050505051 32.6823531358 5.0
6.06060606061 37.6062507223 5.0
7.07070707071 37.4527129067 5.0
8.08080808081 33.0219162432 5.0
9.09090909091 38.428573454 5.0
10.101010101 38.101748622 5.0
11.1111111111 25.9806776826 5.0
12.1212121212 36.7116395089 5.0
13.1313131313 32.1506747456 5.0
14.1414141414 39.8843096399 5.0
15.1515151515 36.7589473453 5.0
16.1616161616 32.6965919468 5.0
17.1717171717 38.4922527654 5.0
18.1818181818 41.2771464402 5.0
19.1919191919 38.2288092976 5.0
20.202020202 49.0501113387 5.0
21.2121212121 41.4915848953 5.0
22.2222222222 52.3551162771 5.0
23.2323232323 59.3368334528 5.0
24.2424242424 51.1138653503 5.0
25.2525252525 53.254676426 5.0
26.2626262626 60.0934972525 5.0
27.2727272727 58.8160606413 5.0
28.2828282828 62.1272864034 5.0
29.2929292929 67.7817114472 5.0
30.303030303 63.2709645356 5.0
31.3131313131 73.6647191284 5.0
32.3232323232 80.6164558123 5.0
33.3333333333 73.2475770562 5.0
34.3434343434 69.8172367467 5.0
35.3535353535 77.30584457 5.0
36.3636363636 83.7651999794 5.0
37.3737373737 78.9239186421 5.0
38.3838383838 93.2287992406 5.0
39.3939393939 92.2906324954 5.0
40.404040404 100.637019158 5.0
41.4141414141 93.927750019 5.0
42.4242424242 100.7485235 5.0
43.4343434343 102.762202345 5.0
44.4444444444 110.994714438 5.0
45.4545454545 128.072831647 5.0
46.4646464646 120.838468962 5.0
47.4747474747 120.87856105 5.0
48.4848484848 132.93485933 5.0
49.4949494949 139.574172605 5.0
50.5050505051 5.20445015415 5.0
51.5151515152 1.69372301765 5.0
52.5252525253 9.67746449296 5.0
53.5353535354 17.4516024923 5.0
54.5454545455 21.0323637709 5.0
55.5555555556 24.3278898405 5.0
56.5656565657 20.9239637143 5.0
57.5757575758 18.7978931654 5.0
58.5858585859 17.2429987408 5.0
59.595959596 31.4032358977 5.0
60.6060606061 29.2552769409 5.0
61.6161616162 31.4977340025 5.0
62.6262626263 41.1311848437 5.0
63.6363636364 35.9781505907 5.0
64.6464646465 43.4437173355 5.0
65.6565656566 35.8042192053 5.0
66.6666666667 41.2763718207 5.0
67.6767676768 49.0722382578 5.0
68.6868686869 48.0804858239 5.0
69.696969697 47.4377248366 5.0
70.7070707071 38.7717078758 5.0
71.7171717172 50.1122665925 5.0
72.7272727273 40.1189433219 5.0
73.7373737374 62.7851100637 5.0
74.7474747475 61.4070121029 5.0
75.7575757576 61.4969198225 5.0
76.7676767677 54.3890700848 5.0
77.7777777778 57.8284324134 5.0
78.7878787879 53.6708113263 5.0
79.797979798 54.6061062443 5.0
80.8080808081 58.7719732351 5.0
81.8181818182 57.0784894226 5.0
82.8282828283 67.5443337679 5.0
83.8383838384 61.4560428678 5.0
84.8484848485 67.9397885894 5.0
85.8585858586 65.8048748711 5.0
86.8686868687 71.8815045726 5.0
87.8787878788 64.8051400823 5.0
88.8888888889 58.1204462233 5.0
89.898989899 61.5645601252 5.0
90.9090909091 67.0512658491 5.0
91.9191919192 61.4495148773 5.0
92.9292929293 60.0861592564 5.0
93.9393939394 67.0287959147 5.0
94.9494949495 57.8001688908 5.0
95.9595959596 40.2959978416 5.0
96.9696969697 52.5984424359 5.0
97.9797979798 52.5008363333 5.0
98.9898989899 57.9767570746 5.0
100.0 41.0500250785 5.0