-50.000000 -50.000000 -5.614145
-48.000000 -50.000000 3.451052
-46.000000 -50.000000 3.934395
-44.000000 -50.000000 1.436983
-42.000000 -50.000000 2.605681
-40.000000 -50.000000 -5.666163
-38.000000 -50.000000 -5.801810
-36.000000 -50.000000 -0.065733
-34.000000 -50.000000 8.709263
-32.000000 -50.000000 2.687953
-30.000000 -50.000000 0.306576
-28.000000 -50.000000 -0.273633
-26.000000 -50.000000 -1.544580
-24.000000 -50.000000 -0.904331
-22.000000 -50.000000 -1.380752
-20.000000 -50.000000 -0.323915
-18.000000 -50.000000 -2.740124
-16.000000 -50.000000 -3.475745
-14.000000 -50.000000 -7.877437
-12.000000 -50.000000 1.348210
-10.000000 -50.000000 3.636902
-8.000000 -50.000000 2.119624
-6.000000 -50.000000 1.571884
-4.000000 -50.000000 2.323954
-2.000000 -50.000000 -0.929227
0.000000 -50.000000 9.251629
2.000000 -50.000000 4.559943
4.000000 -50.000000 2.336200
6.000000 -50.000000 2.564443
8.000000 -50.000000 -8.000758
10.000000 -50.000000 -5.482120
12.000000 -50.000000 -16.982829
14.000000 -50.000000 -0.562330
16.000000 -50.000000 2.241222
18.000000 -50.000000 2.612295
20.000000 -50.000000 4.601848
22.000000 -50.000000 9.866127
24.000000 -50.000000 4.367621
26.000000 -50.000000 -2.198055
28.000000 -50.000000 -3.148085
30.000000 -50.000000 1.480617
32.000000 -50.000000 0.587897
34.000000 -50.000000 -4.270548
36.000000 -50.000000 3.887118
38.000000 -50.000000 -6.822828
40.000000 -50.000000 13.124914
42.000000 -50.000000 12.178212
44.000000 -50.000000 2.113536
46.000000 -50.000000 4.922739
48.000000 -50.000000 -4.246273
50.000000 -50.000000 -4.078643
-50.000000 -48.000000 1.323851
-48.000000 -48.000000 3.722480
-46.000000 -48.000000 -10.040973
-44.000000 -48.000000 6.069918
-42.000000 -48.000000 4.966061
-40.000000 -48.000000 5.583061
-38.000000 -48.000000 -2.058963
-36.000000 -48.000000 -0.967969
-34.000000 -48.000000 -1.269019
-32.000000 -48.000000 8.954063
-30.000000 -48.000000 0.865383
-28.000000 -48.000000 -0.918032
-26.000000 -48.000000 1.467529
-24.000000 -48.000000 -2.686577
-22.000000 -48.000000 -2.938070
-20.000000 -48.000000 1.249969
-18.000000 -48.000000 -3.451586
-16.000000 -48.000000 -1.605970
-14.000000 -48.000000 2.510958
-12.000000 -48.000000 4.810019
-10.000000 -48.000000 -0.997127
-8.000000 -48.000000 -2.794738
-6.000000 -48.000000 5.032733
-4.000000 -48.000000 2.493309
-2.000000 -48.000000 -0.466912
0.000000 -48.000000 -6.334142
2.000000 -48.000000 -2.701448
4.000000 -48.000000 -4.945067
6.000000 -48.000000 4.248631
8.000000 -48.000000 5.746995
10.000000 -48.000000 12.824324
12.000000 -48.000000 -5.641373
14.000000 -48.000000 1.247518
16.000000 -48.000000 3.987948
18.000000 -48.000000 1.934816
20.000000 -48.000000 -2.190870
22.000000 -48.000000 2.792825
24.000000 -48.000000 2.078870
26.000000 -48.000000 7.328809
28.000000 -48.000000 6.736491
30.000000 -48.000000 6.989026
32.000000 -48.000000 8.764475
34.000000 -48.000000 10.439958
36.000000 -48.000000 2.724269
38.000000 -48.000000 -7.819956
40.000000 -48.000000 7.096576
42.000000 -48.000000 -4.420790
44.000000 -48.000000 2.614399
46.000000 -48.000000 -1.199844
48.000000 -48.000000 -0.422435
50.000000 -48.000000 -1.422824
-50.000000 -46.000000 3.314551
-48.000000 -46.000000 8.327514
-46.000000 -46.000000 2.027563
-44.000000 -46.000000 5.359040
-42.000000 -46.000000 0.507664
-40.000000 -46.000000 -4.147191
-38.000000 -46.000000 2.337179
-36.000000 -46.000000 7.005966
-34.000000 -46.000000 2.360982
-32.000000 -46.000000 3.932639
-30.000000 -46.000000 7.518528
-28.000000 -46.000000 3.119244
-26.000000 -46.000000 8.895401
-24.000000 -46.000000 -2.305731
-22.000000 -46.000000 8.320740
-20.000000 -46.000000 6.302238
-18.000000 -46.000000 -1.706028
-16.000000 -46.000000 9.255956
-14.000000 -46.000000 2.014380
-12.000000 -46.000000 -1.951861
-10.000000 -46.000000 -4.396139
-8.000000 -46.000000 -6.776864
-6.000000 -46.000000 -5.167609
-4.000000 -46.000000 -6.932729
-2.000000 -46.000000 -7.553077
0.000000 -46.000000 -0.622619
2.000000 -46.000000 -10.978841
4.000000 -46.000000 12.816201
6.000000 -46.000000 7.293757
8.000000 -46.000000 -3.066109
10.000000 -46.000000 -1.464273
12.000000 -46.000000 6.587044
14.000000 -46.000000 -3.621289
16.000000 -46.000000 1.205440
18.000000 -46.000000 -3.021547
20.000000 -46.000000 -18.140496
22.000000 -46.000000 -0.289016
24.000000 -46.000000 -0.467827
26.000000 -46.000000 3.533582
28.000000 -46.000000 -5.427561
30.000000 -46.000000 -2.071424
32.000000 -46.000000 -1.378073
34.000000 -46.000000 7.491766
36.000000 -46.000000 -0.162461
38.000000 -46.000000 8.129693
40.000000 -46.000000 -1.268986
42.000000 -46.000000 5.303705
44.000000 -46.000000 2.868993
46.000000 -46.000000 -3.915014
48.000000 -46.000000 -5.630281
50.000000 -46.000000 -0.218108
-50.000000 -44.000000 -9.208134
-48.000000 -44.000000 -3.763951
-46.000000 -44.000000 -2.780908
-44.000000 -44.000000 3.157737
-42.000000 -44.000000 3.878084
-40.000000 -44.000000 -5.688819
-38.000000 -44.000000 -4.257681
-36.000000 -44.000000 -3.812073
-34.000000 -44.000000 0.502813
-32.000000 -44.000000 8.236648
-30.000000 -44.000000 3.071114
-28.000000 -44.000000 -6.432013
-26.000000 -44.000000 1.167724
-24.000000 -44.000000 6.574766
-22.000000 -44.000000 9.739551
-20.000000 -44.000000 4.416308
-18.000000 -44.000000 1.237065
-16.000000 -44.000000 7.174517
-14.000000 -44.000000 -5.761349
-12.000000 -44.000000 -6.340978
-10.000000 -44.000000 10.680844
-8.000000 -44.000000 5.889581
-6.000000 -44.000000 3.940664
-4.000000 -44.000000 -1.009997
-2.000000 -44.000000 -6.718643
0.000000 -44.000000 4.297165
2.000000 -44.000000 -2.983562
4.000000 -44.000000 -3.709482
6.000000 -44.000000 0.641946
8.000000 -44.000000 7.253635
10.000000 -44.000000 -0.762893
12.000000 -44.000000 1.638944
14.000000 -44.000000 3.783834
16.000000 -44.000000 3.786946
18.000000 -44.000000 -0.044398
20.000000 -44.000000 -5.556181
22.000000 -44.000000 -8.943222
24.000000 -44.000000 -2.117735
26.000000 -44.000000 0.555329
28.000000 -44.000000 1.804312
30.000000 -44.000000 -3.722999
32.000000 -44.000000 -3.524612
34.000000 -44.000000 -0.943005
36.000000 -44.000000 7.066940
38.000000 -44.000000 2.376935
40.000000 -44.000000 2.376373
42.000000 -44.000000 2.300198
44.000000 -44.000000 1.461651
46.000000 -44.000000 -4.254592
48.000000 -44.000000 -8.041514
50.000000 -44.000000 -3.120100
-50.000000 -42.000000 -3.204824
-48.000000 -42.000000 5.427441
-46.000000 -42.000000 -8.450543
-44.000000 -42.000000 -1.601208
-42.000000 -42.000000 0.535809
-40.000000 -42.000000 4.270046
-38.000000 -42.000000 -0.020145
-36.000000 -42.000000 1.157368
-34.000000 -42.000000 4.371716
-32.000000 -42.000000 2.201907
-30.000000 -42.000000 3.365574
-28.000000 -42.000000 -8.100086
-26.000000 -42.000000 -4.689588
-24.000000 -42.000000 -4.782555
-22.000000 -42.000000 5.400493
-20.000000 -42.000000 -4.139747
-18.000000 -42.000000 6.353423
-16.000000 -42.000000 -4.817107
-14.000000 -42.000000 -2.235177
-12.000000 -42.000000 0.130472
-10.000000 -42.000000 -2.034788
-8.000000 -42.000000 -0.330718
-6.000000 -42.000000 8.093801
-4.000000 -42.000000 -3.743391
-2.000000 -42.000000 4.441474
0.000000 -42.000000 -1.264947
2.000000 -42.000000 7.532596
4.000000 -42.000000 -2.490599
6.000000 -42.000000 -2.425239
8.000000 -42.000000 17.415419
10.000000 -42.000000 1.407127
12.000000 -42.000000 -1.207250
14.000000 -42.000000 5.531331
16.000000 -42.000000 2.321867
18.000000 -42.000000 2.077352
20.000000 -42.000000 7.151458
22.000000 -42.000000 0.383342
24.000000 -42.000000 2.968943
26.000000 -42.000000 -2.079098
28.000000 -42.000000 -0.489784
30.000000 -42.000000 -1.585427
32.000000 -42.000000 2.363357
34.000000 -42.000000 5.959093
36.000000 -42.000000 -9.807913
38.000000 -42.000000 4.446889
40.000000 -42.000000 6.858160
42.000000 -42.000000 0.740847
44.000000 -42.000000 6.742164
46.000000 -42.000000 2.357752
48.000000 -42.000000 -1.453622
50.000000 -42.000000 -1.011867
-50.000000 -40.000000 1.154513
-48.000000 -40.000000 6.541632
-46.000000 -40.000000 0.080791
-44.000000 -40.000000 0.318186
-42.000000 -40.000000 6.579478
-40.000000 -40.000000 -2.888578
-38.000000 -40.000000 2.529448
-36.000000 -40.000000 5.024096
-34.000000 -40.000000 5.975879
-32.000000 -40.000000 -2.634115
-30.000000 -40.000000 2.827985
-28.000000 -40.000000 5.153544
-26.000000 -40.000000 -1.477633
-24.000000 -40.000000 -7.144325
-22.000000 -40.000000 0.422497
-20.000000 -40.000000 4.359495
-18.000000 -40.000000 -4.032672
-16.000000 -40.000000 3.871134
-14.000000 -40.000000 -2.175395
-12.000000 -40.000000 -3.508605
-10.000000 -40.000000 0.005730
-8.000000 -40.000000 -3.391428
-6.000000 -40.000000 -4.759973
-4.000000 -40.000000 -1.246744
-2.000000 -40.000000 -5.484514
0.000000 -40.000000 -2.194453
2.000000 -40.000000 0.126112
4.000000 -40.000000 -7.698829
6.000000 -40.000000 6.224095
8.000000 -40.000000 -6.488185
10.000000 -40.000000 0.209946
12.000000 -40.000000 0.127600
14.000000 -40.000000 2.943525
16.000000 -40.000000 -2.956102
18.000000 -40.000000 17.189533
20.000000 -40.000000 0.231390
22.000000 -40.000000 -0.509579
24.000000 -40.000000 -0.690610
26.000000 -40.000000 1.396374
28.000000 -40.000000 1.180931
30.000000 -40.000000 5.624564
32.000000 -40.000000 -5.385162
34.000000 -40.000000 -7.267499
36.000000 -40.000000 1.746927
38.000000 -40.000000 -0.039032
40.000000 -40.000000 -4.883408
42.000000 -40.000000 -7.742038
44.000000 -40.000000 -4.564959
46.000000 -40.000000 0.084500
48.000000 -40.000000 2.865871
50.000000 -40.000000 -4.028800
-50.000000 -38.000000 2.168540
-48.000000 -38.000000 -1.597387
-46.000000 -38.000000 -2.745098
-44.000000 -38.000000 -2.670468
-42.000000 -38.000000 -5.613845
-40.000000 -38.000000 -8.061958
-38.000000 -38.000000 0.700787
-36.000000 -38.000000 0.476535
-34.000000 -38.000000 -6.153057
-32.000000 -38.000000 5.357573
-30.000000 -38.000000 1.704514
-28.000000 -38.000000 -7.310301
-26.000000 -38.000000 3.802992
-24.000000 -38.000000 0.669378
-22.000000 -38.000000 -10.093018
-20.000000 -38.000000 0.224185
-18.000000 -38.000000 3.032205
-16.000000 -38.000000 -7.766690
-14.000000 -38.000000 2.452968
-12.000000 -38.000000 7.373506
-10.000000 -38.000000 6.399442
-8.000000 -38.000000 -5.084894
-6.000000 -38.000000 1.423490
-4.000000 -38.000000 9.613115
-2.000000 -38.000000 -5.423341
0.000000 -38.000000 0.156438
2.000000 -38.000000 3.485087
4.000000 -38.000000 4.478006
6.000000 -38.000000 1.052614
8.000000 -38.000000 -1.303791
10.000000 -38.000000 4.839323
12.000000 -38.000000 -4.007420
14.000000 -38.000000 -3.807026
16.000000 -38.000000 2.057622
18.000000 -38.000000 -3.875362
20.000000 -38.000000 -9.230814
22.000000 -38.000000 1.102663
24.000000 -38.000000 -2.359651
26.000000 -38.000000 1.648501
28.000000 -38.000000 -0.847756
30.000000 -38.000000 2.456066
32.000000 -38.000000 -2.050514
34.000000 -38.000000 6.517323
36.000000 -38.000000 14.376842
38.000000 -38.000000 -2.419782
40.000000 -38.000000 11.095734
42.000000 -38.000000 -5.055140
44.000000 -38.000000 -5.711868
46.000000 -38.000000 6.794489
48.000000 -38.000000 5.827491
50.000000 -38.000000 -2.599857
-50.000000 -36.000000 -3.346493
-48.000000 -36.000000 -0.957223
-46.000000 -36.000000 0.042343
-44.000000 -36.000000 5.085777
-42.000000 -36.000000 0.593713
-40.000000 -36.000000 -4.264897
-38.000000 -36.000000 -6.854316
-36.000000 -36.000000 -0.596619
-34.000000 -36.000000 1.141748
-32.000000 -36.000000 -6.414506
-30.000000 -36.000000 -3.269666
-28.000000 -36.000000 7.879881
-26.000000 -36.000000 2.383156
-24.000000 -36.000000 2.527941
-22.000000 -36.000000 -8.424079
-20.000000 -36.000000 4.334941
-18.000000 -36.000000 4.441574
-16.000000 -36.000000 -0.727585
-14.000000 -36.000000 6.818440
-12.000000 -36.000000 6.976468
-10.000000 -36.000000 -7.856337
-8.000000 -36.000000 -1.970720
-6.000000 -36.000000 -9.036843
-4.000000 -36.000000 6.307347
-2.000000 -36.000000 -3.742840
0.000000 -36.000000 2.113131
2.000000 -36.000000 2.697242
4.000000 -36.000000 2.000304
6.000000 -36.000000 -0.811818
8.000000 -36.000000 -6.083044
10.000000 -36.000000 -5.752356
12.000000 -36.000000 9.377725
14.000000 -36.000000 -1.694075
16.000000 -36.000000 6.437881
18.000000 -36.000000 3.630554
20.000000 -36.000000 -0.835729
22.000000 -36.000000 -5.029398
24.000000 -36.000000 3.628966
26.000000 -36.000000 -2.046547
28.000000 -36.000000 5.268209
30.000000 -36.000000 0.816367
32.000000 -36.000000 5.700632
34.000000 -36.000000 1.574338
36.000000 -36.000000 5.161178
38.000000 -36.000000 5.358334
40.000000 -36.000000 -3.581755
42.000000 -36.000000 5.792048
44.000000 -36.000000 9.028546
46.000000 -36.000000 -10.123130
48.000000 -36.000000 -0.729712
50.000000 -36.000000 -9.322097
-50.000000 -34.000000 1.264925
-48.000000 -34.000000 -7.245978
-46.000000 -34.000000 -1.749349
-44.000000 -34.000000 0.852967
-42.000000 -34.000000 8.086369
-40.000000 -34.000000 -5.392423
-38.000000 -34.000000 -7.563163
-36.000000 -34.000000 -4.974318
-34.000000 -34.000000 5.372885
-32.000000 -34.000000 1.060602
-30.000000 -34.000000 3.940079
-28.000000 -34.000000 3.320934
-26.000000 -34.000000 -6.319986
-24.000000 -34.000000 -0.580158
-22.000000 -34.000000 -5.119064
-20.000000 -34.000000 -4.854045
-18.000000 -34.000000 -12.125727
-16.000000 -34.000000 -2.310915
-14.000000 -34.000000 -0.122394
-12.000000 -34.000000 -2.160172
-10.000000 -34.000000 7.238452
-8.000000 -34.000000 -4.384346
-6.000000 -34.000000 -1.343881
-4.000000 -34.000000 0.493496
-2.000000 -34.000000 1.401487
0.000000 -34.000000 3.847574
2.000000 -34.000000 3.730150
4.000000 -34.000000 4.370402
6.000000 -34.000000 7.434688
8.000000 -34.000000 -1.479660
10.000000 -34.000000 3.070271
12.000000 -34.000000 -13.785110
14.000000 -34.000000 -0.261525
16.000000 -34.000000 -2.565342
18.000000 -34.000000 0.640877
20.000000 -34.000000 4.128503
22.000000 -34.000000 3.615936
24.000000 -34.000000 1.177266
26.000000 -34.000000 -2.289707
28.000000 -34.000000 1.710725
30.000000 -34.000000 -2.467028
32.000000 -34.000000 -2.129910
34.000000 -34.000000 -1.534371
36.000000 -34.000000 -2.276526
38.000000 -34.000000 -1.328481
40.000000 -34.000000 -0.113219
42.000000 -34.000000 -2.868458
44.000000 -34.000000 -0.396690
46.000000 -34.000000 -6.732178
48.000000 -34.000000 8.313456
50.000000 -34.000000 4.915241
-50.000000 -32.000000 -5.520491
-48.000000 -32.000000 -1.736157
-46.000000 -32.000000 11.087769
-44.000000 -32.000000 5.074173
-42.000000 -32.000000 -2.090500
-40.000000 -32.000000 -11.650282
-38.000000 -32.000000 -9.904188
-36.000000 -32.000000 0.974529
-34.000000 -32.000000 -4.599320
-32.000000 -32.000000 -10.982749
-30.000000 -32.000000 -1.419888
-28.000000 -32.000000 -5.961283
-26.000000 -32.000000 -11.317274
-24.000000 -32.000000 -4.639530
-22.000000 -32.000000 -4.482768
-20.000000 -32.000000 -9.846183
-18.000000 -32.000000 0.978088
-16.000000 -32.000000 4.256976
-14.000000 -32.000000 -2.310161
-12.000000 -32.000000 -0.744028
-10.000000 -32.000000 -2.823879
-8.000000 -32.000000 13.795188
-6.000000 -32.000000 -2.211335
-4.000000 -32.000000 -1.229227
-2.000000 -32.000000 3.574555
0.000000 -32.000000 -2.593392
2.000000 -32.000000 -5.923028
4.000000 -32.000000 5.064337
6.000000 -32.000000 4.862500
8.000000 -32.000000 -0.876242
10.000000 -32.000000 9.702118
12.000000 -32.000000 -2.137898
14.000000 -32.000000 6.598844
16.000000 -32.000000 -7.837139
18.000000 -32.000000 -8.808794
20.000000 -32.000000 1.635313
22.000000 -32.000000 -5.695912
24.000000 -32.000000 -1.188400
26.000000 -32.000000 4.801285
28.000000 -32.000000 -7.511159
30.000000 -32.000000 1.088281
32.000000 -32.000000 9.750829
34.000000 -32.000000 -3.552441
36.000000 -32.000000 -5.988642
38.000000 -32.000000 -6.461823
40.000000 -32.000000 8.924045
42.000000 -32.000000 -4.373072
44.000000 -32.000000 0.471399
46.000000 -32.000000 9.247513
48.000000 -32.000000 -2.348381
50.000000 -32.000000 3.083217
-50.000000 -30.000000 -2.495808
-48.000000 -30.000000 4.857749
-46.000000 -30.000000 -7.627419
-44.000000 -30.000000 -4.603495
-42.000000 -30.000000 -9.817654
-40.000000 -30.000000 -1.206096
-38.000000 -30.000000 2.505883
-36.000000 -30.000000 -11.017398
-34.000000 -30.000000 -0.930062
-32.000000 -30.000000 -1.736998
-30.000000 -30.000000 -4.962998
-28.000000 -30.000000 0.992462
-26.000000 -30.000000 -2.820858
-24.000000 -30.000000 -6.656998
-22.000000 -30.000000 -6.223401
-20.000000 -30.000000 -3.148601
-18.000000 -30.000000 5.721361
-16.000000 -30.000000 -2.800447
-14.000000 -30.000000 -3.474367
-12.000000 -30.000000 -5.591934
-10.000000 -30.000000 -3.512475
-8.000000 -30.000000 4.169804
-6.000000 -30.000000 -2.954170
-4.000000 -30.000000 0.940229
-2.000000 -30.000000 4.998700
0.000000 -30.000000 -6.698606
2.000000 -30.000000 -5.533632
4.000000 -30.000000 -0.407605
6.000000 -30.000000 4.962828
8.000000 -30.000000 1.479182
10.000000 -30.000000 -3.636684
12.000000 -30.000000 4.848610
14.000000 -30.000000 4.289743
16.000000 -30.000000 -2.594729
18.000000 -30.000000 -1.130968
20.000000 -30.000000 -2.168130
22.000000 -30.000000 0.342667
24.000000 -30.000000 -5.619530
26.000000 -30.000000 1.483054
28.000000 -30.000000 -2.639562
30.000000 -30.000000 -3.271133
32.000000 -30.000000 -0.447724
34.000000 -30.000000 1.699354
36.000000 -30.000000 0.679259
38.000000 -30.000000 8.694528
40.000000 -30.000000 2.568790
42.000000 -30.000000 -1.538184
44.000000 -30.000000 1.525726
46.000000 -30.000000 8.380441
48.000000 -30.000000 11.357201
50.000000 -30.000000 -2.700241
-50.000000 -28.000000 -5.043214
-48.000000 -28.000000 -2.873870
-46.000000 -28.000000 -1.851906
-44.000000 -28.000000 -1.741685
-42.000000 -28.000000 -4.606966
-40.000000 -28.000000 -5.309769
-38.000000 -28.000000 -6.361444
-36.000000 -28.000000 -4.875742
-34.000000 -28.000000 0.529978
-32.000000 -28.000000 0.323793
-30.000000 -28.000000 -0.982503
-28.000000 -28.000000 -3.957679
-26.000000 -28.000000 -2.840376
-24.000000 -28.000000 -1.463547
-22.000000 -28.000000 2.520625
-20.000000 -28.000000 0.965099
-18.000000 -28.000000 -10.379092
-16.000000 -28.000000 5.366634
-14.000000 -28.000000 -5.330602
-12.000000 -28.000000 -3.331471
-10.000000 -28.000000 0.898700
-8.000000 -28.000000 -6.847528
-6.000000 -28.000000 8.192159
-4.000000 -28.000000 4.851875
-2.000000 -28.000000 4.275436
0.000000 -28.000000 -11.294993
2.000000 -28.000000 -1.838661
4.000000 -28.000000 3.940703
6.000000 -28.000000 1.740581
8.000000 -28.000000 10.903612
10.000000 -28.000000 -2.235773
12.000000 -28.000000 2.455290
14.000000 -28.000000 -6.906256
16.000000 -28.000000 2.251494
18.000000 -28.000000 0.048880
20.000000 -28.000000 2.567819
22.000000 -28.000000 11.059573
24.000000 -28.000000 0.448669
26.000000 -28.000000 -2.811181
28.000000 -28.000000 1.193693
30.000000 -28.000000 3.200521
32.000000 -28.000000 -7.470785
34.000000 -28.000000 3.494098
36.000000 -28.000000 -1.947213
38.000000 -28.000000 3.846022
40.000000 -28.000000 -1.361795
42.000000 -28.000000 -2.971881
44.000000 -28.000000 -4.329544
46.000000 -28.000000 -3.757047
48.000000 -28.000000 -8.180523
50.000000 -28.000000 3.240689
-50.000000 -26.000000 1.481823
-48.000000 -26.000000 6.311660
-46.000000 -26.000000 -5.441073
-44.000000 -26.000000 -5.787166
-42.000000 -26.000000 3.745253
-40.000000 -26.000000 -3.746403
-38.000000 -26.000000 -8.416388
-36.000000 -26.000000 2.096827
-34.000000 -26.000000 -3.614388
-32.000000 -26.000000 12.073664
-30.000000 -26.000000 4.962767
-28.000000 -26.000000 1.641517
-26.000000 -26.000000 4.843687
-24.000000 -26.000000 -9.323226
-22.000000 -26.000000 2.081022
-20.000000 -26.000000 -1.876270
-18.000000 -26.000000 -8.632506
-16.000000 -26.000000 0.422219
-14.000000 -26.000000 -12.624609
-12.000000 -26.000000 0.521396
-10.000000 -26.000000 -0.662324
-8.000000 -26.000000 1.549833
-6.000000 -26.000000 1.161853
-4.000000 -26.000000 -3.367825
-2.000000 -26.000000 2.472472
0.000000 -26.000000 3.674707
2.000000 -26.000000 9.149174
4.000000 -26.000000 -0.669006
6.000000 -26.000000 3.256487
8.000000 -26.000000 -1.841724
10.000000 -26.000000 2.426335
12.000000 -26.000000 5.198222
14.000000 -26.000000 -1.018602
16.000000 -26.000000 4.363746
18.000000 -26.000000 -1.740726
20.000000 -26.000000 -1.593556
22.000000 -26.000000 -3.462014
24.000000 -26.000000 -6.129414
26.000000 -26.000000 -0.336105
28.000000 -26.000000 -0.297328
30.000000 -26.000000 -4.867960
32.000000 -26.000000 -4.999853
34.000000 -26.000000 4.652736
36.000000 -26.000000 6.648627
38.000000 -26.000000 -6.191694
40.000000 -26.000000 5.796761
42.000000 -26.000000 1.451811
44.000000 -26.000000 4.651407
46.000000 -26.000000 8.135758
48.000000 -26.000000 5.211484
50.000000 -26.000000 -9.217094
-50.000000 -24.000000 -0.123982
-48.000000 -24.000000 -1.458033
-46.000000 -24.000000 -0.193078
-44.000000 -24.000000 7.885331
-42.000000 -24.000000 -1.136489
-40.000000 -24.000000 4.025171
-38.000000 -24.000000 9.231257
-36.000000 -24.000000 8.095248
-34.000000 -24.000000 4.399002
-32.000000 -24.000000 0.699818
-30.000000 -24.000000 3.255320
-28.000000 -24.000000 1.057125
-26.000000 -24.000000 -2.159184
-24.000000 -24.000000 1.838347
-22.000000 -24.000000 0.559278
-20.000000 -24.000000 -0.948430
-18.000000 -24.000000 3.249706
-16.000000 -24.000000 8.352534
-14.000000 -24.000000 6.505148
-12.000000 -24.000000 7.034984
-10.000000 -24.000000 3.006383
-8.000000 -24.000000 8.185062
-6.000000 -24.000000 21.923530
-4.000000 -24.000000 24.658076
-2.000000 -24.000000 19.399527
0.000000 -24.000000 35.077087
2.000000 -24.000000 30.268079
4.000000 -24.000000 27.159196
6.000000 -24.000000 25.673535
8.000000 -24.000000 2.150115
10.000000 -24.000000 -8.508659
12.000000 -24.000000 2.502229
14.000000 -24.000000 -1.680683
16.000000 -24.000000 0.580719
18.000000 -24.000000 7.060486
20.000000 -24.000000 -6.696490
22.000000 -24.000000 0.733972
24.000000 -24.000000 4.785723
26.000000 -24.000000 8.929381
28.000000 -24.000000 -1.674311
30.000000 -24.000000 7.985780
32.000000 -24.000000 1.402535
34.000000 -24.000000 1.180455
36.000000 -24.000000 -1.515291
38.000000 -24.000000 0.601770
40.000000 -24.000000 -1.453241
42.000000 -24.000000 -3.052743
44.000000 -24.000000 0.888816
46.000000 -24.000000 6.764712
48.000000 -24.000000 -5.535895
50.000000 -24.000000 -4.239457
-50.000000 -22.000000 1.167036
-48.000000 -22.000000 -3.845149
-46.000000 -22.000000 7.190012
-44.000000 -22.000000 -3.818633
-42.000000 -22.000000 1.427829
-40.000000 -22.000000 2.656519
-38.000000 -22.000000 -8.716263
-36.000000 -22.000000 -2.978860
-34.000000 -22.000000 -2.290580
-32.000000 -22.000000 -3.343873
-30.000000 -22.000000 5.380358
-28.000000 -22.000000 11.932974
-26.000000 -22.000000 6.653406
-24.000000 -22.000000 2.938795
-22.000000 -22.000000 -0.335456
-20.000000 -22.000000 0.859639
-18.000000 -22.000000 1.899322
-16.000000 -22.000000 1.352278
-14.000000 -22.000000 6.298286
-12.000000 -22.000000 2.762251
-10.000000 -22.000000 27.476832
-8.000000 -22.000000 30.837547
-6.000000 -22.000000 29.449294
-4.000000 -22.000000 25.813558
-2.000000 -22.000000 26.752344
0.000000 -22.000000 31.551908
2.000000 -22.000000 28.024930
4.000000 -22.000000 33.726031
6.000000 -22.000000 21.897436
8.000000 -22.000000 30.959161
10.000000 -22.000000 20.373349
12.000000 -22.000000 -2.468743
14.000000 -22.000000 -7.569732
16.000000 -22.000000 -6.365568
18.000000 -22.000000 -6.012460
20.000000 -22.000000 -3.693617
22.000000 -22.000000 -2.027125
24.000000 -22.000000 -1.624615
26.000000 -22.000000 1.015525
28.000000 -22.000000 1.924453
30.000000 -22.000000 8.626832
32.000000 -22.000000 -6.819708
34.000000 -22.000000 4.745378
36.000000 -22.000000 8.618715
38.000000 -22.000000 -4.832862
40.000000 -22.000000 -1.567844
42.000000 -22.000000 5.400698
44.000000 -22.000000 -10.307449
46.000000 -22.000000 9.029229
48.000000 -22.000000 4.626205
50.000000 -22.000000 -10.708175
-50.000000 -20.000000 -4.106325
-48.000000 -20.000000 0.604309
-46.000000 -20.000000 -5.250513
-44.000000 -20.000000 -9.279937
-42.000000 -20.000000 -4.761217
-40.000000 -20.000000 -7.953530
-38.000000 -20.000000 1.960908
-36.000000 -20.000000 -1.892304
-34.000000 -20.000000 -2.644808
-32.000000 -20.000000 -6.544068
-30.000000 -20.000000 0.307833
-28.000000 -20.000000 0.039094
-26.000000 -20.000000 -4.901194
-24.000000 -20.000000 2.584811
-22.000000 -20.000000 -0.540855
-20.000000 -20.000000 -4.519730
-18.000000 -20.000000 3.325146
-16.000000 -20.000000 2.054890
-14.000000 -20.000000 32.049550
-12.000000 -20.000000 25.175580
-10.000000 -20.000000 21.925371
-8.000000 -20.000000 26.210826
-6.000000 -20.000000 14.808047
-4.000000 -20.000000 22.008984
-2.000000 -20.000000 29.252220
0.000000 -20.000000 29.098103
2.000000 -20.000000 30.397087
4.000000 -20.000000 26.354307
6.000000 -20.000000 21.558265
8.000000 -20.000000 27.099862
10.000000 -20.000000 20.423814
12.000000 -20.000000 20.519911
14.000000 -20.000000 28.033985
16.000000 -20.000000 2.948934
18.000000 -20.000000 -2.231118
20.000000 -20.000000 1.057913
22.000000 -20.000000 5.435304
24.000000 -20.000000 0.296229
26.000000 -20.000000 5.603267
28.000000 -20.000000 -0.589599
30.000000 -20.000000 4.215248
32.000000 -20.000000 -8.581953
34.000000 -20.000000 -3.291302
36.000000 -20.000000 0.015533
38.000000 -20.000000 5.802945
40.000000 -20.000000 -2.534094
42.000000 -20.000000 0.413635
44.000000 -20.000000 2.301694
46.000000 -20.000000 3.460045
48.000000 -20.000000 3.748200
50.000000 -20.000000 3.607235
-50.000000 -18.000000 1.925452
-48.000000 -18.000000 2.914083
-46.000000 -18.000000 1.867228
-44.000000 -18.000000 -5.623372
-42.000000 -18.000000 -3.526908
-40.000000 -18.000000 1.363103
-38.000000 -18.000000 -3.096001
-36.000000 -18.000000 3.317511
-34.000000 -18.000000 2.849432
-32.000000 -18.000000 3.824039
-30.000000 -18.000000 12.213759
-28.000000 -18.000000 -2.013552
-26.000000 -18.000000 10.098967
-24.000000 -18.000000 2.395571
-22.000000 -18.000000 0.867067
-20.000000 -18.000000 -3.659896
-18.000000 -18.000000 5.413945
-16.000000 -18.000000 20.878130
-14.000000 -18.000000 24.910049
-12.000000 -18.000000 23.695811
-10.000000 -18.000000 19.169749
-8.000000 -18.000000 23.400904
-6.000000 -18.000000 20.142036
-4.000000 -18.000000 20.269305
-2.000000 -18.000000 19.439389
0.000000 -18.000000 16.618856
2.000000 -18.000000 24.854961
4.000000 -18.000000 24.953982
6.000000 -18.000000 13.009813
8.000000 -18.000000 26.867695
10.000000 -18.000000 24.703354
12.000000 -18.000000 20.188099
14.000000 -18.000000 25.705628
16.000000 -18.000000 26.971175
18.000000 -18.000000 6.885137
20.000000 -18.000000 4.532897
22.000000 -18.000000 -1.649290
24.000000 -18.000000 -1.652035
26.000000 -18.000000 -6.415058
28.000000 -18.000000 -0.500983
30.000000 -18.000000 -0.610881
32.000000 -18.000000 -0.056214
34.000000 -18.000000 -1.950399
36.000000 -18.000000 -0.323790
38.000000 -18.000000 -7.041197
40.000000 -18.000000 4.931291
42.000000 -18.000000 -2.614129
44.000000 -18.000000 8.540751
46.000000 -18.000000 -3.139421
48.000000 -18.000000 0.188885
50.000000 -18.000000 -1.627609
-50.000000 -16.000000 -1.081412
-48.000000 -16.000000 -4.418345
-46.000000 -16.000000 -4.357074
-44.000000 -16.000000 -1.288009
-42.000000 -16.000000 2.385443
-40.000000 -16.000000 3.522013
-38.000000 -16.000000 8.386695
-36.000000 -16.000000 4.695987
-34.000000 -16.000000 -8.143111
-32.000000 -16.000000 0.710360
-30.000000 -16.000000 0.543318
-28.000000 -16.000000 0.767463
-26.000000 -16.000000 -2.940684
-24.000000 -16.000000 -2.780084
-22.000000 -16.000000 9.725556
-20.000000 -16.000000 1.251891
-18.000000 -16.000000 18.837150
-16.000000 -16.000000 32.584595
-14.000000 -16.000000 20.930910
-12.000000 -16.000000 24.220386
-10.000000 -16.000000 21.192930
-8.000000 -16.000000 24.526489
-6.000000 -16.000000 25.996265
-4.000000 -16.000000 33.501123
-2.000000 -16.000000 23.659233
0.000000 -16.000000 33.693721
2.000000 -16.000000 27.349421
4.000000 -16.000000 32.872840
6.000000 -16.000000 24.056211
8.000000 -16.000000 27.863355
10.000000 -16.000000 22.758639
12.000000 -16.000000 32.102310
14.000000 -16.000000 21.450345
16.000000 -16.000000 25.115480
18.000000 -16.000000 21.154052
20.000000 -16.000000 8.815132
22.000000 -16.000000 4.353579
24.000000 -16.000000 -6.959046
26.000000 -16.000000 3.817150
28.000000 -16.000000 7.487683
30.000000 -16.000000 -3.505125
32.000000 -16.000000 -0.596299
34.000000 -16.000000 0.742313
36.000000 -16.000000 -4.056080
38.000000 -16.000000 1.856901
40.000000 -16.000000 2.922198
42.000000 -16.000000 -1.923320
44.000000 -16.000000 2.037643
46.000000 -16.000000 1.120664
48.000000 -16.000000 0.318615
50.000000 -16.000000 -5.776367
-50.000000 -14.000000 0.151345
-48.000000 -14.000000 -3.327473
-46.000000 -14.000000 -4.052805
-44.000000 -14.000000 -2.613220
-42.000000 -14.000000 4.530108
-40.000000 -14.000000 -2.469102
-38.000000 -14.000000 3.622021
-36.000000 -14.000000 -5.467848
-34.000000 -14.000000 -10.372665
-32.000000 -14.000000 -4.282442
-30.000000 -14.000000 14.163137
-28.000000 -14.000000 -1.416685
-26.000000 -14.000000 6.630798
-24.000000 -14.000000 -4.243616
-22.000000 -14.000000 0.785553
-20.000000 -14.000000 24.659122
-18.000000 -14.000000 24.215238
-16.000000 -14.000000 20.488477
-14.000000 -14.000000 37.110371
-12.000000 -14.000000 25.238632
-10.000000 -14.000000 29.490380
-8.000000 -14.000000 30.647125
-6.000000 -14.000000 14.451700
-4.000000 -14.000000 19.174380
-2.000000 -14.000000 19.787372
0.000000 -14.000000 26.722035
2.000000 -14.000000 32.170458
4.000000 -14.000000 16.681122
6.000000 -14.000000 25.211346
8.000000 -14.000000 24.665308
10.000000 -14.000000 26.510803
12.000000 -14.000000 30.892748
14.000000 -14.000000 18.234531
16.000000 -14.000000 16.180397
18.000000 -14.000000 25.221654
20.000000 -14.000000 30.668478
22.000000 -14.000000 2.675625
24.000000 -14.000000 0.332187
26.000000 -14.000000 3.560482
28.000000 -14.000000 -8.839354
30.000000 -14.000000 -2.425819
32.000000 -14.000000 -2.148014
34.000000 -14.000000 -6.612296
36.000000 -14.000000 -0.126796
38.000000 -14.000000 -1.235200
40.000000 -14.000000 -3.940736
42.000000 -14.000000 5.010023
44.000000 -14.000000 8.805871
46.000000 -14.000000 -2.258592
48.000000 -14.000000 2.568865
50.000000 -14.000000 -7.557051
-50.000000 -12.000000 3.804370
-48.000000 -12.000000 5.855028
-46.000000 -12.000000 -3.220334
-44.000000 -12.000000 4.425407
-42.000000 -12.000000 6.381897
-40.000000 -12.000000 -1.142218
-38.000000 -12.000000 -1.670894
-36.000000 -12.000000 -3.278623
-34.000000 -12.000000 -0.452875
-32.000000 -12.000000 6.212394
-30.000000 -12.000000 -7.194303
-28.000000 -12.000000 -0.445391
-26.000000 -12.000000 -3.366004
-24.000000 -12.000000 -1.832223
-22.000000 -12.000000 1.004126
-20.000000 -12.000000 26.935183
-18.000000 -12.000000 26.188264
-16.000000 -12.000000 23.979983
-14.000000 -12.000000 21.696771
-12.000000 -12.000000 12.465328
-10.000000 -12.000000 37.321911
-8.000000 -12.000000 25.326043
-6.000000 -12.000000 22.913751
-4.000000 -12.000000 23.127388
-2.000000 -12.000000 23.540762
0.000000 -12.000000 40.033380
2.000000 -12.000000 27.764861
4.000000 -12.000000 26.285363
6.000000 -12.000000 28.146859
8.000000 -12.000000 31.605485
10.000000 -12.000000 27.312593
12.000000 -12.000000 19.967862
14.000000 -12.000000 23.599705
16.000000 -12.000000 24.910286
18.000000 -12.000000 32.319175
20.000000 -12.000000 31.415232
22.000000 -12.000000 -6.539275
24.000000 -12.000000 4.464924
26.000000 -12.000000 1.497908
28.000000 -12.000000 -5.263525
30.000000 -12.000000 -3.682214
32.000000 -12.000000 2.511236
34.000000 -12.000000 -2.472411
36.000000 -12.000000 2.030214
38.000000 -12.000000 2.802397
40.000000 -12.000000 -1.675755
42.000000 -12.000000 10.303139
44.000000 -12.000000 -6.694058
46.000000 -12.000000 8.589262
48.000000 -12.000000 -1.696334
50.000000 -12.000000 -5.764096
-50.000000 -10.000000 -5.857694
-48.000000 -10.000000 -0.555411
-46.000000 -10.000000 -6.598593
-44.000000 -10.000000 1.018761
-42.000000 -10.000000 4.558700
-40.000000 -10.000000 -0.397439
-38.000000 -10.000000 5.157153
-36.000000 -10.000000 7.927835
-34.000000 -10.000000 -0.063736
-32.000000 -10.000000 -3.042803
-30.000000 -10.000000 3.375357
-28.000000 -10.000000 2.602365
-26.000000 -10.000000 -3.727593
-24.000000 -10.000000 -10.399842
-22.000000 -10.000000 31.318693
-20.000000 -10.000000 31.405120
-18.000000 -10.000000 23.532216
-16.000000 -10.000000 26.183700
-14.000000 -10.000000 24.084352
-12.000000 -10.000000 25.103606
-10.000000 -10.000000 18.238627
-8.000000 -10.000000 16.662336
-6.000000 -10.000000 22.615889
-4.000000 -10.000000 30.484699
-2.000000 -10.000000 22.141331
0.000000 -10.000000 29.922201
2.000000 -10.000000 18.699315
4.000000 -10.000000 23.764907
6.000000 -10.000000 25.860153
8.000000 -10.000000 20.606797
10.000000 -10.000000 21.195050
12.000000 -10.000000 26.905939
14.000000 -10.000000 20.330600
16.000000 -10.000000 36.488210
18.000000 -10.000000 20.804488
20.000000 -10.000000 16.196758
22.000000 -10.000000 22.154056
24.000000 -10.000000 1.914677
26.000000 -10.000000 -5.098684
28.000000 -10.000000 -2.721013
30.000000 -10.000000 3.364659
32.000000 -10.000000 -2.786363
34.000000 -10.000000 -9.486929
36.000000 -10.000000 4.677423
38.000000 -10.000000 -0.768717
40.000000 -10.000000 2.517350
42.000000 -10.000000 0.406987
44.000000 -10.000000 -3.438907
46.000000 -10.000000 -7.761185
48.000000 -10.000000 -0.674927
50.000000 -10.000000 -4.654603
-50.000000 -8.000000 -1.843673
-48.000000 -8.000000 8.312100
-46.000000 -8.000000 -4.326295
-44.000000 -8.000000 2.190793
-42.000000 -8.000000 -0.578092
-40.000000 -8.000000 3.027727
-38.000000 -8.000000 1.478287
-36.000000 -8.000000 6.565488
-34.000000 -8.000000 4.641814
-32.000000 -8.000000 -1.443340
-30.000000 -8.000000 -0.076462
-28.000000 -8.000000 2.318687
-26.000000 -8.000000 5.403310
-24.000000 -8.000000 1.344877
-22.000000 -8.000000 27.332834
-20.000000 -8.000000 24.845037
-18.000000 -8.000000 23.598880
-16.000000 -8.000000 17.216085
-14.000000 -8.000000 29.154378
-12.000000 -8.000000 32.531276
-10.000000 -8.000000 19.219664
-8.000000 -8.000000 21.888501
-6.000000 -8.000000 23.207227
-4.000000 -8.000000 24.206494
-2.000000 -8.000000 26.890310
0.000000 -8.000000 25.721495
2.000000 -8.000000 22.247868
4.000000 -8.000000 30.895710
6.000000 -8.000000 25.957303
8.000000 -8.000000 20.333892
10.000000 -8.000000 30.070737
12.000000 -8.000000 19.677979
14.000000 -8.000000 15.038703
16.000000 -8.000000 23.813729
18.000000 -8.000000 13.867884
20.000000 -8.000000 20.903264
22.000000 -8.000000 27.515321
24.000000 -8.000000 -2.443104
26.000000 -8.000000 3.659304
28.000000 -8.000000 6.284677
30.000000 -8.000000 -9.869741
32.000000 -8.000000 -1.285036
34.000000 -8.000000 1.622443
36.000000 -8.000000 0.682774
38.000000 -8.000000 0.425619
40.000000 -8.000000 -10.780734
42.000000 -8.000000 -3.727621
44.000000 -8.000000 3.670560
46.000000 -8.000000 -0.058252
48.000000 -8.000000 6.458635
50.000000 -8.000000 -0.950959
-50.000000 -6.000000 2.718993
-48.000000 -6.000000 1.679080
-46.000000 -6.000000 -2.713547
-44.000000 -6.000000 3.017404
-42.000000 -6.000000 3.171829
-40.000000 -6.000000 -0.773059
-38.000000 -6.000000 -1.593590
-36.000000 -6.000000 0.324996
-34.000000 -6.000000 -4.308468
-32.000000 -6.000000 -5.913678
-30.000000 -6.000000 6.637019
-28.000000 -6.000000 1.048723
-26.000000 -6.000000 10.499301
-24.000000 -6.000000 16.776098
-22.000000 -6.000000 21.720344
-20.000000 -6.000000 14.535531
-18.000000 -6.000000 19.248613
-16.000000 -6.000000 27.708870
-14.000000 -6.000000 22.715799
-12.000000 -6.000000 21.503682
-10.000000 -6.000000 36.638800
-8.000000 -6.000000 27.519775
-6.000000 -6.000000 28.604488
-4.000000 -6.000000 28.468361
-2.000000 -6.000000 27.413897
0.000000 -6.000000 21.361305
2.000000 -6.000000 19.423841
4.000000 -6.000000 23.606750
6.000000 -6.000000 27.815079
8.000000 -6.000000 25.055579
10.000000 -6.000000 19.804132
12.000000 -6.000000 13.597610
14.000000 -6.000000 21.834561
16.000000 -6.000000 27.278737
18.000000 -6.000000 22.229066
20.000000 -6.000000 25.048468
22.000000 -6.000000 23.799117
24.000000 -6.000000 26.021871
26.000000 -6.000000 0.022265
28.000000 -6.000000 3.721332
30.000000 -6.000000 5.923975
32.000000 -6.000000 -6.942885
34.000000 -6.000000 -8.991024
36.000000 -6.000000 2.822400
38.000000 -6.000000 1.704723
40.000000 -6.000000 5.552588
42.000000 -6.000000 -2.616043
44.000000 -6.000000 9.791473
46.000000 -6.000000 -3.277299
48.000000 -6.000000 -3.138958
50.000000 -6.000000 3.376000
-50.000000 -4.000000 -4.359089
-48.000000 -4.000000 0.910228
-46.000000 -4.000000 1.656734
-44.000000 -4.000000 -6.348116
-42.000000 -4.000000 2.992797
-40.000000 -4.000000 0.192459
-38.000000 -4.000000 -3.760821
-36.000000 -4.000000 -0.428929
-34.000000 -4.000000 -4.503209
-32.000000 -4.000000 0.513294
-30.000000 -4.000000 -3.584523
-28.000000 -4.000000 -1.667238
-26.000000 -4.000000 -6.385634
-24.000000 -4.000000 23.815054
-22.000000 -4.000000 22.772534
-20.000000 -4.000000 26.343391
-18.000000 -4.000000 26.935034
-16.000000 -4.000000 38.210506
-14.000000 -4.000000 27.370065
-12.000000 -4.000000 26.212678
-10.000000 -4.000000 29.886511
-8.000000 -4.000000 26.511557
-6.000000 -4.000000 26.705519
-4.000000 -4.000000 31.124799
-2.000000 -4.000000 28.309827
0.000000 -4.000000 25.012092
2.000000 -4.000000 18.466389
4.000000 -4.000000 23.261865
6.000000 -4.000000 23.609461
8.000000 -4.000000 26.401297
10.000000 -4.000000 26.931512
12.000000 -4.000000 22.128712
14.000000 -4.000000 21.667397
16.000000 -4.000000 33.559840
18.000000 -4.000000 28.479847
20.000000 -4.000000 26.558210
22.000000 -4.000000 20.519059
24.000000 -4.000000 33.402560
26.000000 -4.000000 -1.525081
28.000000 -4.000000 -6.953728
30.000000 -4.000000 6.723245
32.000000 -4.000000 0.431600
34.000000 -4.000000 4.846539
36.000000 -4.000000 -9.545802
38.000000 -4.000000 -4.887276
40.000000 -4.000000 11.376499
42.000000 -4.000000 -0.152795
44.000000 -4.000000 0.055013
46.000000 -4.000000 4.908393
48.000000 -4.000000 1.304696
50.000000 -4.000000 5.072647
-50.000000 -2.000000 -2.405257
-48.000000 -2.000000 7.511691
-46.000000 -2.000000 3.221510
-44.000000 -2.000000 -0.006739
-42.000000 -2.000000 -1.226739
-40.000000 -2.000000 -6.831523
-38.000000 -2.000000 -5.498734
-36.000000 -2.000000 6.103828
-34.000000 -2.000000 -2.729658
-32.000000 -2.000000 1.729838
-30.000000 -2.000000 7.567021
-28.000000 -2.000000 4.261032
-26.000000 -2.000000 2.575091
-24.000000 -2.000000 25.581840
-22.000000 -2.000000 27.453914
-20.000000 -2.000000 25.118197
-18.000000 -2.000000 25.643144
-16.000000 -2.000000 25.432005
-14.000000 -2.000000 24.328731
-12.000000 -2.000000 32.602455
-10.000000 -2.000000 28.519185
-8.000000 -2.000000 25.521373
-6.000000 -2.000000 27.584390
-4.000000 -2.000000 31.190554
-2.000000 -2.000000 29.111440
0.000000 -2.000000 24.499313
2.000000 -2.000000 28.379834
4.000000 -2.000000 25.326752
6.000000 -2.000000 30.540802
8.000000 -2.000000 24.608021
10.000000 -2.000000 26.286352
12.000000 -2.000000 22.218273
14.000000 -2.000000 32.484980
16.000000 -2.000000 20.386956
18.000000 -2.000000 16.694163
20.000000 -2.000000 20.024731
22.000000 -2.000000 30.403143
24.000000 -2.000000 35.156353
26.000000 -2.000000 -6.918146
28.000000 -2.000000 -1.461220
30.000000 -2.000000 -7.875730
32.000000 -2.000000 1.153015
34.000000 -2.000000 -3.638122
36.000000 -2.000000 4.303296
38.000000 -2.000000 6.597700
40.000000 -2.000000 5.232475
42.000000 -2.000000 3.152133
44.000000 -2.000000 -5.757750
46.000000 -2.000000 -1.235920
48.000000 -2.000000 0.120633
50.000000 -2.000000 1.064157
-50.000000 0.000000 3.184281
-48.000000 0.000000 -3.507486
-46.000000 0.000000 -3.903758
-44.000000 0.000000 0.417505
-42.000000 0.000000 -1.976034
-40.000000 0.000000 8.796285
-38.000000 0.000000 -1.176733
-36.000000 0.000000 -5.748765
-34.000000 0.000000 -4.906654
-32.000000 0.000000 -3.010077
-30.000000 0.000000 6.383447
-28.000000 0.000000 -1.905709
-26.000000 0.000000 -3.261957
-24.000000 0.000000 25.750705
-22.000000 0.000000 24.528285
-20.000000 0.000000 12.437706
-18.000000 0.000000 27.583763
-16.000000 0.000000 34.274992
-14.000000 0.000000 21.663136
-12.000000 0.000000 25.949605
-10.000000 0.000000 28.537391
-8.000000 0.000000 16.865767
-6.000000 0.000000 20.830270
-4.000000 0.000000 30.788224
-2.000000 0.000000 22.858809
0.000000 0.000000 25.140114
2.000000 0.000000 28.196543
4.000000 0.000000 31.092922
6.000000 0.000000 28.766634
8.000000 0.000000 28.462621
10.000000 0.000000 21.781308
12.000000 0.000000 23.843255
14.000000 0.000000 22.028502
16.000000 0.000000 18.189419
18.000000 0.000000 26.256229
20.000000 0.000000 20.575030
22.000000 0.000000 21.735454
24.000000 0.000000 26.625144
26.000000 0.000000 -4.630431
28.000000 0.000000 6.132754
30.000000 0.000000 2.363119
32.000000 0.000000 8.163575
34.000000 0.000000 0.680205
36.000000 0.000000 -1.931816
38.000000 0.000000 6.159518
40.000000 0.000000 -10.955469
42.000000 0.000000 -2.108943
44.000000 0.000000 2.146528
46.000000 0.000000 -5.663912
48.000000 0.000000 5.500942
50.000000 0.000000 -3.067233
-50.000000 2.000000 2.989010
-48.000000 2.000000 10.327178
-46.000000 2.000000 -5.771610
-44.000000 2.000000 -0.292683
-42.000000 2.000000 -5.245801
-40.000000 2.000000 -7.438214
-38.000000 2.000000 1.373224
-36.000000 2.000000 4.399058
-34.000000 2.000000 -10.327157
-32.000000 2.000000 11.527224
-30.000000 2.000000 5.287180
-28.000000 2.000000 1.499290
-26.000000 2.000000 3.431868
-24.000000 2.000000 26.620897
-22.000000 2.000000 20.166286
-20.000000 2.000000 19.652372
-18.000000 2.000000 27.153384
-16.000000 2.000000 27.801388
-14.000000 2.000000 17.461742
-12.000000 2.000000 18.306816
-10.000000 2.000000 18.067718
-8.000000 2.000000 25.677555
-6.000000 2.000000 25.093208
-4.000000 2.000000 23.660035
-2.000000 2.000000 31.267632
0.000000 2.000000 36.203252
2.000000 2.000000 27.150832
4.000000 2.000000 21.561962
6.000000 2.000000 29.496931
8.000000 2.000000 22.135347
10.000000 2.000000 23.810591
12.000000 2.000000 25.062384
14.000000 2.000000 18.928941
16.000000 2.000000 28.081018
18.000000 2.000000 27.053382
20.000000 2.000000 26.658957
22.000000 2.000000 29.583967
24.000000 2.000000 27.530711
26.000000 2.000000 3.330420
28.000000 2.000000 -0.943777
30.000000 2.000000 7.620658
32.000000 2.000000 6.516955
34.000000 2.000000 -4.563990
36.000000 2.000000 3.127548
38.000000 2.000000 -5.468244
40.000000 2.000000 5.893954
42.000000 2.000000 7.433066
44.000000 2.000000 7.505592
46.000000 2.000000 -4.116402
48.000000 2.000000 -4.783593
50.000000 2.000000 -5.389976
-50.000000 4.000000 -3.158033
-48.000000 4.000000 -3.461908
-46.000000 4.000000 3.620054
-44.000000 4.000000 -2.774737
-42.000000 4.000000 2.558492
-40.000000 4.000000 -7.552831
-38.000000 4.000000 -0.822144
-36.000000 4.000000 6.685145
-34.000000 4.000000 6.495631
-32.000000 4.000000 0.776298
-30.000000 4.000000 0.926023
-28.000000 4.000000 -22.634468
-26.000000 4.000000 10.006000
-24.000000 4.000000 20.235058
-22.000000 4.000000 16.235177
-20.000000 4.000000 23.368361
-18.000000 4.000000 24.546988
-16.000000 4.000000 30.879996
-14.000000 4.000000 21.776813
-12.000000 4.000000 25.236985
-10.000000 4.000000 26.840389
-8.000000 4.000000 31.201481
-6.000000 4.000000 25.148534
-4.000000 4.000000 22.829504
-2.000000 4.000000 37.305275
0.000000 4.000000 26.677856
2.000000 4.000000 26.058890
4.000000 4.000000 31.001320
6.000000 4.000000 30.452685
8.000000 4.000000 18.350942
10.000000 4.000000 31.648520
12.000000 4.000000 24.278825
14.000000 4.000000 16.740589
16.000000 4.000000 19.008704
18.000000 4.000000 13.559380
20.000000 4.000000 25.560649
22.000000 4.000000 33.371953
24.000000 4.000000 22.264165
26.000000 4.000000 -2.611433
28.000000 4.000000 1.138301
30.000000 4.000000 -2.497048
32.000000 4.000000 1.472177
34.000000 4.000000 -3.991485
36.000000 4.000000 -6.089221
38.000000 4.000000 6.735885
40.000000 4.000000 0.301780
42.000000 4.000000 1.670951
44.000000 4.000000 -2.798494
46.000000 4.000000 -4.267543
48.000000 4.000000 6.384771
50.000000 4.000000 1.661517
-50.000000 6.000000 2.963175
-48.000000 6.000000 -8.083829
-46.000000 6.000000 -4.877182
-44.000000 6.000000 3.866282
-42.000000 6.000000 -0.602527
-40.000000 6.000000 0.854331
-38.000000 6.000000 -3.699881
-36.000000 6.000000 2.412256
-34.000000 6.000000 -1.463982
-32.000000 6.000000 6.099046
-30.000000 6.000000 6.806938
-28.000000 6.000000 7.558107
-26.000000 6.000000 3.046957
-24.000000 6.000000 19.911247
-22.000000 6.000000 32.566188
-20.000000 6.000000 25.332967
-18.000000 6.000000 28.329233
-16.000000 6.000000 18.618855
-14.000000 6.000000 20.737739
-12.000000 6.000000 27.877315
-10.000000 6.000000 28.364209
-8.000000 6.000000 23.290627
-6.000000 6.000000 20.288361
-4.000000 6.000000 27.350547
-2.000000 6.000000 21.354270
0.000000 6.000000 30.046206
2.000000 6.000000 29.741446
4.000000 6.000000 25.033231
6.000000 6.000000 26.113436
8.000000 6.000000 19.768427
10.000000 6.000000 29.144263
12.000000 6.000000 20.914143
14.000000 6.000000 24.894247
16.000000 6.000000 25.160641
18.000000 6.000000 16.685616
20.000000 6.000000 25.994209
22.000000 6.000000 33.737835
24.000000 6.000000 32.684837
26.000000 6.000000 -3.049650
28.000000 6.000000 -4.351508
30.000000 6.000000 5.685551
32.000000 6.000000 -3.279356
34.000000 6.000000 -1.712538
36.000000 6.000000 1.701495
38.000000 6.000000 2.316359
40.000000 6.000000 -0.613124
42.000000 6.000000 -10.078499
44.000000 6.000000 1.602689
46.000000 6.000000 1.997591
48.000000 6.000000 2.528157
50.000000 6.000000 -4.818709
-50.000000 8.000000 -1.255726
-48.000000 8.000000 -0.696070
-46.000000 8.000000 -2.635706
-44.000000 8.000000 -1.767980
-42.000000 8.000000 5.650674
-40.000000 8.000000 5.884508
-38.000000 8.000000 -4.422624
-36.000000 8.000000 -4.656605
-34.000000 8.000000 6.794081
-32.000000 8.000000 2.971461
-30.000000 8.000000 7.001797
-28.000000 8.000000 5.817111
-26.000000 8.000000 -9.644705
-24.000000 8.000000 -3.046023
-22.000000 8.000000 19.851387
-20.000000 8.000000 22.775950
-18.000000 8.000000 21.847303
-16.000000 8.000000 32.485391
-14.000000 8.000000 24.415967
-12.000000 8.000000 29.661728
-10.000000 8.000000 23.099020
-8.000000 8.000000 25.641092
-6.000000 8.000000 24.127839
-4.000000 8.000000 30.902969
-2.000000 8.000000 25.215226
0.000000 8.000000 26.728941
2.000000 8.000000 26.997135
4.000000 8.000000 19.895859
6.000000 8.000000 37.727257
8.000000 8.000000 19.095475
10.000000 8.000000 27.979530
12.000000 8.000000 19.142849
14.000000 8.000000 18.024649
16.000000 8.000000 28.205664
18.000000 8.000000 22.057771
20.000000 8.000000 22.534512
22.000000 8.000000 28.374206
24.000000 8.000000 -4.598889
26.000000 8.000000 4.542597
28.000000 8.000000 0.529355
30.000000 8.000000 -0.066654
32.000000 8.000000 -2.976093
34.000000 8.000000 2.197136
36.000000 8.000000 3.406646
38.000000 8.000000 4.599855
40.000000 8.000000 -5.595144
42.000000 8.000000 -0.545112
44.000000 8.000000 6.046900
46.000000 8.000000 -6.747626
48.000000 8.000000 -2.421638
50.000000 8.000000 0.747068
-50.000000 10.000000 6.043468
-48.000000 10.000000 -9.051390
-46.000000 10.000000 -0.150486
-44.000000 10.000000 -0.190282
-42.000000 10.000000 0.210346
-40.000000 10.000000 0.833345
-38.000000 10.000000 2.953581
-36.000000 10.000000 2.546464
-34.000000 10.000000 1.115163
-32.000000 10.000000 -0.169381
-30.000000 10.000000 3.300833
-28.000000 10.000000 4.794726
-26.000000 10.000000 2.998847
-24.000000 10.000000 -3.300292
-22.000000 10.000000 35.586203
-20.000000 10.000000 26.627770
-18.000000 10.000000 25.718217
-16.000000 10.000000 22.642468
-14.000000 10.000000 27.355174
-12.000000 10.000000 32.729856
-10.000000 10.000000 23.489555
-8.000000 10.000000 29.739817
-6.000000 10.000000 27.547173
-4.000000 10.000000 25.105114
-2.000000 10.000000 15.889951
0.000000 10.000000 28.290492
2.000000 10.000000 21.269490
4.000000 10.000000 26.213035
6.000000 10.000000 18.306427
8.000000 10.000000 35.039381
10.000000 10.000000 19.541672
12.000000 10.000000 27.204314
14.000000 10.000000 31.613289
16.000000 10.000000 30.052157
18.000000 10.000000 23.014866
20.000000 10.000000 21.383247
22.000000 10.000000 21.434378
24.000000 10.000000 -2.167147
26.000000 10.000000 2.511588
28.000000 10.000000 2.939444
30.000000 10.000000 -2.059058
32.000000 10.000000 2.905545
34.000000 10.000000 4.829409
36.000000 10.000000 3.315980
38.000000 10.000000 -1.394160
40.000000 10.000000 4.053369
42.000000 10.000000 6.166067
44.000000 10.000000 1.450590
46.000000 10.000000 3.752099
48.000000 10.000000 -2.859223
50.000000 10.000000 -3.138427
-50.000000 12.000000 -1.449342
-48.000000 12.000000 2.363530
-46.000000 12.000000 -3.499606
-44.000000 12.000000 -0.163715
-42.000000 12.000000 3.738846
-40.000000 12.000000 -2.144807
-38.000000 12.000000 12.685233
-36.000000 12.000000 5.038447
-34.000000 12.000000 2.537157
-32.000000 12.000000 -0.917529
-30.000000 12.000000 4.221357
-28.000000 12.000000 -5.068032
-26.000000 12.000000 -6.610423
-24.000000 12.000000 1.471916
-22.000000 12.000000 -6.486211
-20.000000 12.000000 34.582611
-18.000000 12.000000 28.035850
-16.000000 12.000000 21.039137
-14.000000 12.000000 22.584257
-12.000000 12.000000 33.721433
-10.000000 12.000000 28.141319
-8.000000 12.000000 27.953134
-6.000000 12.000000 22.607296
-4.000000 12.000000 25.083816
-2.000000 12.000000 26.254919
0.000000 12.000000 24.740364
2.000000 12.000000 17.000068
4.000000 12.000000 30.547755
6.000000 12.000000 31.251898
8.000000 12.000000 24.214759
10.000000 12.000000 30.523161
12.000000 12.000000 26.129742
14.000000 12.000000 24.844665
16.000000 12.000000 18.603161
18.000000 12.000000 24.484182
20.000000 12.000000 28.872380
22.000000 12.000000 0.295417
24.000000 12.000000 8.364454
26.000000 12.000000 5.219975
28.000000 12.000000 -1.595227
30.000000 12.000000 -4.898354
32.000000 12.000000 -0.012456
34.000000 12.000000 6.774077
36.000000 12.000000 -3.776830
38.000000 12.000000 3.148068
40.000000 12.000000 -4.410166
42.000000 12.000000 2.024988
44.000000 12.000000 -1.401185
46.000000 12.000000 4.247967
48.000000 12.000000 3.682558
50.000000 12.000000 7.410423
-50.000000 14.000000 2.025707
-48.000000 14.000000 3.563498
-46.000000 14.000000 0.968055
-44.000000 14.000000 3.660855
-42.000000 14.000000 1.004998
-40.000000 14.000000 -6.177252
-38.000000 14.000000 9.200813
-36.000000 14.000000 -5.855195
-34.000000 14.000000 -1.298684
-32.000000 14.000000 1.337111
-30.000000 14.000000 -6.457668
-28.000000 14.000000 0.250264
-26.000000 14.000000 3.672502
-24.000000 14.000000 -1.728420
-22.000000 14.000000 -9.732974
-20.000000 14.000000 22.984815
-18.000000 14.000000 26.143966
-16.000000 14.000000 26.205764
-14.000000 14.000000 22.777415
-12.000000 14.000000 29.838348
-10.000000 14.000000 25.899869
-8.000000 14.000000 28.909027
-6.000000 14.000000 23.307086
-4.000000 14.000000 14.204190
-2.000000 14.000000 16.397359
0.000000 14.000000 26.254630
2.000000 14.000000 22.186394
4.000000 14.000000 13.367989
6.000000 14.000000 21.576079
8.000000 14.000000 36.011521
10.000000 14.000000 24.308085
12.000000 14.000000 31.896959
14.000000 14.000000 18.953442
16.000000 14.000000 33.071902
18.000000 14.000000 12.817327
20.000000 14.000000 25.665831
22.000000 14.000000 -2.978803
24.000000 14.000000 -1.847665
26.000000 14.000000 3.155915
28.000000 14.000000 4.787149
30.000000 14.000000 2.765161
32.000000 14.000000 -12.948324
34.000000 14.000000 6.260409
36.000000 14.000000 -7.238108
38.000000 14.000000 0.911185
40.000000 14.000000 -1.229392
42.000000 14.000000 -3.222511
44.000000 14.000000 2.795459
46.000000 14.000000 -2.974867
48.000000 14.000000 2.156022
50.000000 14.000000 -6.689630
-50.000000 16.000000 3.727362
-48.000000 16.000000 -5.483993
-46.000000 16.000000 1.628614
-44.000000 16.000000 3.488005
-42.000000 16.000000 -8.429889
-40.000000 16.000000 -6.067611
-38.000000 16.000000 6.887141
-36.000000 16.000000 -0.956965
-34.000000 16.000000 1.711780
-32.000000 16.000000 4.974921
-30.000000 16.000000 -1.617851
-28.000000 16.000000 -0.369683
-26.000000 16.000000 2.414551
-24.000000 16.000000 -2.258263
-22.000000 16.000000 1.684252
-20.000000 16.000000 0.306297
-18.000000 16.000000 22.913816
-16.000000 16.000000 23.913843
-14.000000 16.000000 26.267600
-12.000000 16.000000 31.764767
-10.000000 16.000000 28.305002
-8.000000 16.000000 27.029463
-6.000000 16.000000 29.581266
-4.000000 16.000000 32.656626
-2.000000 16.000000 26.458692
0.000000 16.000000 17.374711
2.000000 16.000000 27.100861
4.000000 16.000000 19.902718
6.000000 16.000000 20.109989
8.000000 16.000000 19.487234
10.000000 16.000000 21.929761
12.000000 16.000000 24.772844
14.000000 16.000000 30.526016
16.000000 16.000000 22.399978
18.000000 16.000000 19.937484
20.000000 16.000000 13.446401
22.000000 16.000000 4.322198
24.000000 16.000000 -1.946779
26.000000 16.000000 0.718293
28.000000 16.000000 -3.467547
30.000000 16.000000 1.140496
32.000000 16.000000 12.158554
34.000000 16.000000 3.298791
36.000000 16.000000 5.133623
38.000000 16.000000 -2.562321
40.000000 16.000000 3.095003
42.000000 16.000000 5.266531
44.000000 16.000000 -2.322115
46.000000 16.000000 0.403098
48.000000 16.000000 1.214332
50.000000 16.000000 1.808428
-50.000000 18.000000 -3.059693
-48.000000 18.000000 -6.095332
-46.000000 18.000000 -2.595023
-44.000000 18.000000 -10.279207
-42.000000 18.000000 3.159099
-40.000000 18.000000 4.426262
-38.000000 18.000000 -2.392477
-36.000000 18.000000 4.583376
-34.000000 18.000000 -2.202100
-32.000000 18.000000 -0.717631
-30.000000 18.000000 1.077978
-28.000000 18.000000 1.882527
-26.000000 18.000000 2.326884
-24.000000 18.000000 3.849462
-22.000000 18.000000 -7.847108
-20.000000 18.000000 -1.986575
-18.000000 18.000000 -1.720178
-16.000000 18.000000 19.711166
-14.000000 18.000000 36.471705
-12.000000 18.000000 27.511823
-10.000000 18.000000 21.242544
-8.000000 18.000000 22.451310
-6.000000 18.000000 24.497686
-4.000000 18.000000 25.321949
-2.000000 18.000000 31.318536
0.000000 18.000000 28.690568
2.000000 18.000000 19.660862
4.000000 18.000000 29.465955
6.000000 18.000000 24.482761
8.000000 18.000000 23.305782
10.000000 18.000000 27.942896
12.000000 18.000000 28.886269
14.000000 18.000000 20.838584
16.000000 18.000000 22.168027
18.000000 18.000000 -5.601997
20.000000 18.000000 -5.793665
22.000000 18.000000 -0.230783
24.000000 18.000000 -5.472403
26.000000 18.000000 -6.086021
28.000000 18.000000 -1.335977
30.000000 18.000000 0.735345
32.000000 18.000000 -0.041786
34.000000 18.000000 4.860657
36.000000 18.000000 5.968170
38.000000 18.000000 1.883316
40.000000 18.000000 -4.639605
42.000000 18.000000 2.425561
44.000000 18.000000 3.711071
46.000000 18.000000 -3.224394
48.000000 18.000000 -6.528561
50.000000 18.000000 3.953568
-50.000000 20.000000 -2.271779
-48.000000 20.000000 -1.984674
-46.000000 20.000000 -0.020100
-44.000000 20.000000 -1.474365
-42.000000 20.000000 -3.675435
-40.000000 20.000000 -3.224162
-38.000000 20.000000 -4.460044
-36.000000 20.000000 -4.444388
-34.000000 20.000000 3.416036
-32.000000 20.000000 0.152871
-30.000000 20.000000 1.018572
-28.000000 20.000000 3.382832
-26.000000 20.000000 3.527002
-24.000000 20.000000 2.306185
-22.000000 20.000000 -1.115698
-20.000000 20.000000 2.307279
-18.000000 20.000000 -5.738649
-16.000000 20.000000 -2.153145
-14.000000 20.000000 31.139128
-12.000000 20.000000 21.723945
-10.000000 20.000000 21.806361
-8.000000 20.000000 34.585676
-6.000000 20.000000 19.309905
-4.000000 20.000000 22.733604
-2.000000 20.000000 28.092592
0.000000 20.000000 29.382370
2.000000 20.000000 27.134929
4.000000 20.000000 23.067634
6.000000 20.000000 15.542537
8.000000 20.000000 27.785882
10.000000 20.000000 34.977528
12.000000 20.000000 21.030913
14.000000 20.000000 29.770408
16.000000 20.000000 -3.891234
18.000000 20.000000 -6.534103
20.000000 20.000000 -1.146492
22.000000 20.000000 -4.949070
24.000000 20.000000 -4.601111
26.000000 20.000000 6.983894
28.000000 20.000000 7.082657
30.000000 20.000000 1.067402
32.000000 20.000000 5.990451
34.000000 20.000000 -4.670040
36.000000 20.000000 11.850656
38.000000 20.000000 1.196618
40.000000 20.000000 -1.188515
42.000000 20.000000 1.205035
44.000000 20.000000 -10.573863
46.000000 20.000000 -3.213493
48.000000 20.000000 -6.172221
50.000000 20.000000 9.579924
-50.000000 22.000000 2.787251
-48.000000 22.000000 0.265685
-46.000000 22.000000 0.382274
-44.000000 22.000000 -2.914613
-42.000000 22.000000 -3.142097
-40.000000 22.000000 5.515137
-38.000000 22.000000 2.086335
-36.000000 22.000000 2.885284
-34.000000 22.000000 0.631950
-32.000000 22.000000 -11.026684
-30.000000 22.000000 5.986967
-28.000000 22.000000 -0.548909
-26.000000 22.000000 -4.885179
-24.000000 22.000000 -0.214978
-22.000000 22.000000 -7.443563
-20.000000 22.000000 -7.119228
-18.000000 22.000000 -4.484268
-16.000000 22.000000 -3.909008
-14.000000 22.000000 -4.194111
-12.000000 22.000000 -5.911611
-10.000000 22.000000 22.759237
-8.000000 22.000000 26.385888
-6.000000 22.000000 18.322717
-4.000000 22.000000 32.400554
-2.000000 22.000000 21.391512
0.000000 22.000000 26.163251
2.000000 22.000000 24.874025
4.000000 22.000000 26.963144
6.000000 22.000000 23.915785
8.000000 22.000000 35.815711
10.000000 22.000000 18.162463
12.000000 22.000000 -0.694514
14.000000 22.000000 -8.259710
16.000000 22.000000 -6.101556
18.000000 22.000000 1.880933
20.000000 22.000000 -3.127442
22.000000 22.000000 0.585023
24.000000 22.000000 1.855590
26.000000 22.000000 -5.930408
28.000000 22.000000 6.721433
30.000000 22.000000 -3.964938
32.000000 22.000000 -0.647499
34.000000 22.000000 -4.428958
36.000000 22.000000 1.286681
38.000000 22.000000 7.138181
40.000000 22.000000 -1.616432
42.000000 22.000000 -7.091498
44.000000 22.000000 -0.928147
46.000000 22.000000 5.418119
48.000000 22.000000 3.290003
50.000000 22.000000 5.425724
-50.000000 24.000000 10.599207
-48.000000 24.000000 9.726807
-46.000000 24.000000 -3.034161
-44.000000 24.000000 -1.195638
-42.000000 24.000000 4.633693
-40.000000 24.000000 -0.892976
-38.000000 24.000000 6.427595
-36.000000 24.000000 4.120014
-34.000000 24.000000 -2.403085
-32.000000 24.000000 -4.479203
-30.000000 24.000000 0.077414
-28.000000 24.000000 0.037550
-26.000000 24.000000 2.045784
-24.000000 24.000000 6.218274
-22.000000 24.000000 -0.200496
-20.000000 24.000000 11.279878
-18.000000 24.000000 0.802227
-16.000000 24.000000 3.029090
-14.000000 24.000000 -3.464744
-12.000000 24.000000 11.399029
-10.000000 24.000000 -8.078117
-8.000000 24.000000 4.738654
-6.000000 24.000000 20.804182
-4.000000 24.000000 30.710961
-2.000000 24.000000 19.405851
0.000000 24.000000 25.930790
2.000000 24.000000 28.478755
4.000000 24.000000 29.905557
6.000000 24.000000 19.772379
8.000000 24.000000 0.685708
10.000000 24.000000 -4.724104
12.000000 24.000000 -0.152095
14.000000 24.000000 -6.846619
16.000000 24.000000 10.949208
18.000000 24.000000 2.899995
20.000000 24.000000 -1.466563
22.000000 24.000000 9.126183
24.000000 24.000000 2.176558
26.000000 24.000000 -7.133397
28.000000 24.000000 -2.458005
30.000000 24.000000 -1.980075
32.000000 24.000000 -3.154241
34.000000 24.000000 3.019637
36.000000 24.000000 7.601224
38.000000 24.000000 -0.290360
40.000000 24.000000 7.006210
42.000000 24.000000 -3.212994
44.000000 24.000000 -0.395179
46.000000 24.000000 -8.364080
48.000000 24.000000 -1.646419
50.000000 24.000000 10.814327
-50.000000 26.000000 4.721387
-48.000000 26.000000 1.213182
-46.000000 26.000000 3.503677
-44.000000 26.000000 7.601047
-42.000000 26.000000 -9.196551
-40.000000 26.000000 -7.787376
-38.000000 26.000000 -4.432753
-36.000000 26.000000 -2.917113
-34.000000 26.000000 0.148691
-32.000000 26.000000 7.523140
-30.000000 26.000000 2.061336
-28.000000 26.000000 1.802628
-26.000000 26.000000 3.186658
-24.000000 26.000000 -3.518344
-22.000000 26.000000 -3.061180
-20.000000 26.000000 1.980237
-18.000000 26.000000 -4.340898
-16.000000 26.000000 2.550880
-14.000000 26.000000 -1.679960
-12.000000 26.000000 8.269755
-10.000000 26.000000 5.647455
-8.000000 26.000000 2.110012
-6.000000 26.000000 -2.675639
-4.000000 26.000000 -0.544007
-2.000000 26.000000 3.118449
0.000000 26.000000 6.368903
2.000000 26.000000 0.084357
4.000000 26.000000 2.565619
6.000000 26.000000 2.359265
8.000000 26.000000 -7.249649
10.000000 26.000000 -7.457933
12.000000 26.000000 -8.680966
14.000000 26.000000 10.358957
16.000000 26.000000 -3.060269
18.000000 26.000000 0.696290
20.000000 26.000000 -0.496889
22.000000 26.000000 -1.117632
24.000000 26.000000 -0.422229
26.000000 26.000000 -4.009458
28.000000 26.000000 -4.041049
30.000000 26.000000 -4.810519
32.000000 26.000000 -3.209948
34.000000 26.000000 12.927373
36.000000 26.000000 12.483904
38.000000 26.000000 -2.420190
40.000000 26.000000 -6.037220
42.000000 26.000000 -5.244048
44.000000 26.000000 11.360260
46.000000 26.000000 4.780536
48.000000 26.000000 0.504083
50.000000 26.000000 0.509797
-50.000000 28.000000 8.701751
-48.000000 28.000000 -0.275613
-46.000000 28.000000 -4.111247
-44.000000 28.000000 6.241762
-42.000000 28.000000 -1.421879
-40.000000 28.000000 7.886457
-38.000000 28.000000 1.108626
-36.000000 28.000000 0.444274
-34.000000 28.000000 -3.717406
-32.000000 28.000000 -2.836520
-30.000000 28.000000 0.566385
-28.000000 28.000000 -7.168409
-26.000000 28.000000 3.684868
-24.000000 28.000000 -7.067374
-22.000000 28.000000 4.808738
-20.000000 28.000000 2.077013
-18.000000 28.000000 3.211647
-16.000000 28.000000 4.820723
-14.000000 28.000000 0.675718
-12.000000 28.000000 -1.827067
-10.000000 28.000000 -8.659604
-8.000000 28.000000 1.047310
-6.000000 28.000000 2.627768
-4.000000 28.000000 -0.892956
-2.000000 28.000000 6.227017
0.000000 28.000000 -5.616450
2.000000 28.000000 -5.920860
4.000000 28.000000 9.539353
6.000000 28.000000 -7.469774
8.000000 28.000000 -1.402147
10.000000 28.000000 -2.696250
12.000000 28.000000 4.296009
14.000000 28.000000 3.360651
16.000000 28.000000 5.245136
18.000000 28.000000 4.122259
20.000000 28.000000 1.750382
22.000000 28.000000 2.971066
24.000000 28.000000 2.694873
26.000000 28.000000 2.329445
28.000000 28.000000 2.615871
30.000000 28.000000 -0.803244
32.000000 28.000000 5.487862
34.000000 28.000000 4.101096
36.000000 28.000000 6.601493
38.000000 28.000000 8.153300
40.000000 28.000000 14.720359
42.000000 28.000000 3.463637
44.000000 28.000000 -2.732242
46.000000 28.000000 6.473740
48.000000 28.000000 -1.385322
50.000000 28.000000 6.802087
-50.000000 30.000000 4.695438
-48.000000 30.000000 5.646862
-46.000000 30.000000 3.112607
-44.000000 30.000000 -1.099840
-42.000000 30.000000 2.089823
-40.000000 30.000000 4.657231
-38.000000 30.000000 2.342725
-36.000000 30.000000 1.867232
-34.000000 30.000000 -7.461520
-32.000000 30.000000 0.402350
-30.000000 30.000000 -0.344567
-28.000000 30.000000 0.115733
-26.000000 30.000000 1.308552
-24.000000 30.000000 -0.745283
-22.000000 30.000000 -4.379769
-20.000000 30.000000 5.345882
-18.000000 30.000000 -10.620415
-16.000000 30.000000 4.860210
-14.000000 30.000000 -2.554503
-12.000000 30.000000 -1.846633
-10.000000 30.000000 1.831616
-8.000000 30.000000 -4.406512
-6.000000 30.000000 3.031917
-4.000000 30.000000 -5.532154
-2.000000 30.000000 -11.640855
0.000000 30.000000 -4.243272
2.000000 30.000000 8.661283
4.000000 30.000000 2.625550
6.000000 30.000000 -1.461356
8.000000 30.000000 0.961986
10.000000 30.000000 -3.609825
12.000000 30.000000 0.056204
14.000000 30.000000 0.483852
16.000000 30.000000 -4.173232
18.000000 30.000000 1.294576
20.000000 30.000000 -0.542527
22.000000 30.000000 5.433659
24.000000 30.000000 3.533200
26.000000 30.000000 3.038543
28.000000 30.000000 1.968928
30.000000 30.000000 0.635165
32.000000 30.000000 -2.931828
34.000000 30.000000 -4.370317
36.000000 30.000000 3.344880
38.000000 30.000000 1.548266
40.000000 30.000000 10.279440
42.000000 30.000000 -7.959671
44.000000 30.000000 1.029997
46.000000 30.000000 2.174582
48.000000 30.000000 7.794297
50.000000 30.000000 4.092593
-50.000000 32.000000 4.070724
-48.000000 32.000000 1.988951
-46.000000 32.000000 2.586758
-44.000000 32.000000 -0.060366
-42.000000 32.000000 -6.239357
-40.000000 32.000000 0.886789
-38.000000 32.000000 3.069131
-36.000000 32.000000 4.246742
-34.000000 32.000000 -5.186212
-32.000000 32.000000 -0.681358
-30.000000 32.000000 -4.534537
-28.000000 32.000000 3.948794
-26.000000 32.000000 -0.676160
-24.000000 32.000000 0.196710
-22.000000 32.000000 4.907528
-20.000000 32.000000 -1.599717
-18.000000 32.000000 -2.281006
-16.000000 32.000000 -0.931083
-14.000000 32.000000 -1.621038
-12.000000 32.000000 -5.773072
-10.000000 32.000000 9.915964
-8.000000 32.000000 0.257239
-6.000000 32.000000 -0.556378
-4.000000 32.000000 2.744823
-2.000000 32.000000 -0.359031
0.000000 32.000000 -6.757069
2.000000 32.000000 -4.867174
4.000000 32.000000 -3.552337
6.000000 32.000000 3.230387
8.000000 32.000000 1.448930
10.000000 32.000000 3.599125
12.000000 32.000000 14.631281
14.000000 32.000000 3.617610
16.000000 32.000000 -5.154738
18.000000 32.000000 -7.037424
20.000000 32.000000 -1.394338
22.000000 32.000000 9.480733
24.000000 32.000000 10.667235
26.000000 32.000000 1.854901
28.000000 32.000000 -4.008686
30.000000 32.000000 4.147137
32.000000 32.000000 2.614427
34.000000 32.000000 5.724204
36.000000 32.000000 1.007567
38.000000 32.000000 5.342330
40.000000 32.000000 6.278243
42.000000 32.000000 -2.286246
44.000000 32.000000 2.422421
46.000000 32.000000 -3.379477
48.000000 32.000000 7.965192
50.000000 32.000000 4.084182
-50.000000 34.000000 2.457920
-48.000000 34.000000 10.924329
-46.000000 34.000000 2.681803
-44.000000 34.000000 4.033310
-42.000000 34.000000 3.552618
-40.000000 34.000000 -1.379137
-38.000000 34.000000 1.040657
-36.000000 34.000000 -1.880160
-34.000000 34.000000 1.341465
-32.000000 34.000000 -3.816573
-30.000000 34.000000 -3.155864
-28.000000 34.000000 -10.392292
-26.000000 34.000000 1.438627
-24.000000 34.000000 2.164846
-22.000000 34.000000 1.781375
-20.000000 34.000000 2.553550
-18.000000 34.000000 11.004381
-16.000000 34.000000 1.425553
-14.000000 34.000000 -1.973084
-12.000000 34.000000 6.722992
-10.000000 34.000000 6.564595
-8.000000 34.000000 -5.288112
-6.000000 34.000000 -4.439953
-4.000000 34.000000 2.287075
-2.000000 34.000000 3.764809
0.000000 34.000000 13.831661
2.000000 34.000000 -2.592010
4.000000 34.000000 -8.366620
6.000000 34.000000 -8.969016
8.000000 34.000000 -1.092300
10.000000 34.000000 -4.037621
12.000000 34.000000 3.095136
14.000000 34.000000 3.207673
16.000000 34.000000 -2.907159
18.000000 34.000000 -1.462809
20.000000 34.000000 4.451410
22.000000 34.000000 -3.955404
24.000000 34.000000 -4.154060
26.000000 34.000000 8.489476
28.000000 34.000000 -5.753956
30.000000 34.000000 -2.825913
32.000000 34.000000 2.989883
34.000000 34.000000 6.314639
36.000000 34.000000 -3.264659
38.000000 34.000000 4.534254
40.000000 34.000000 1.023053
42.000000 34.000000 -6.514184
44.000000 34.000000 3.285681
46.000000 34.000000 -4.202522
48.000000 34.000000 -4.903338
50.000000 34.000000 7.395555
-50.000000 36.000000 9.915755
-48.000000 36.000000 -3.360652
-46.000000 36.000000 10.409272
-44.000000 36.000000 -3.117690
-42.000000 36.000000 6.519956
-40.000000 36.000000 -6.085154
-38.000000 36.000000 -7.628333
-36.000000 36.000000 2.529363
-34.000000 36.000000 5.162739
-32.000000 36.000000 -1.908351
-30.000000 36.000000 0.057103
-28.000000 36.000000 2.565424
-26.000000 36.000000 -1.012788
-24.000000 36.000000 3.276590
-22.000000 36.000000 -8.092383
-20.000000 36.000000 4.052591
-18.000000 36.000000 2.101624
-16.000000 36.000000 4.060561
-14.000000 36.000000 -1.065986
-12.000000 36.000000 3.301803
-10.000000 36.000000 5.423217
-8.000000 36.000000 -2.180351
-6.000000 36.000000 -3.925022
-4.000000 36.000000 6.806747
-2.000000 36.000000 -10.240013
0.000000 36.000000 2.980841
2.000000 36.000000 7.201523
4.000000 36.000000 -3.915250
6.000000 36.000000 3.789424
8.000000 36.000000 13.671229
10.000000 36.000000 -2.568211
12.000000 36.000000 -3.334878
14.000000 36.000000 0.935873
16.000000 36.000000 -8.098904
18.000000 36.000000 -5.752254
20.000000 36.000000 2.687354
22.000000 36.000000 -9.337531
24.000000 36.000000 3.369527
26.000000 36.000000 -4.039486
28.000000 36.000000 1.857854
30.000000 36.000000 0.438808
32.000000 36.000000 -0.198127
34.000000 36.000000 1.754666
36.000000 36.000000 -5.007374
38.000000 36.000000 2.815409
40.000000 36.000000 1.378851
42.000000 36.000000 9.032689
44.000000 36.000000 4.173730
46.000000 36.000000 2.878050
48.000000 36.000000 1.658735
50.000000 36.000000 -0.115161
-50.000000 38.000000 14.106287
-48.000000 38.000000 -0.789806
-46.000000 38.000000 -0.055705
-44.000000 38.000000 1.008732
-42.000000 38.000000 1.306074
-40.000000 38.000000 -9.069994
-38.000000 38.000000 -2.732958
-36.000000 38.000000 -8.980201
-34.000000 38.000000 -1.996668
-32.000000 38.000000 -3.668370
-30.000000 38.000000 4.040566
-28.000000 38.000000 -4.897850
-26.000000 38.000000 3.676486
-24.000000 38.000000 -1.650845
-22.000000 38.000000 -1.178984
-20.000000 38.000000 2.276229
-18.000000 38.000000 -1.313464
-16.000000 38.000000 -0.455033
-14.000000 38.000000 2.025519
-12.000000 38.000000 1.133447
-10.000000 38.000000 0.016435
-8.000000 38.000000 -2.680164
-6.000000 38.000000 -5.845679
-4.000000 38.000000 -5.234566
-2.000000 38.000000 1.413742
0.000000 38.000000 2.063120
2.000000 38.000000 1.303246
4.000000 38.000000 -8.785445
6.000000 38.000000 -3.076961
8.000000 38.000000 -0.482621
10.000000 38.000000 9.880169
12.000000 38.000000 -2.341169
14.000000 38.000000 -3.032793
16.000000 38.000000 3.575568
18.000000 38.000000 4.740475
20.000000 38.000000 -5.024735
22.000000 38.000000 4.874579
24.000000 38.000000 -2.679969
26.000000 38.000000 6.302096
28.000000 38.000000 4.290911
30.000000 38.000000 3.823822
32.000000 38.000000 1.200721
34.000000 38.000000 -4.036192
36.000000 38.000000 2.733296
38.000000 38.000000 3.252883
40.000000 38.000000 -5.924833
42.000000 38.000000 4.336363
44.000000 38.000000 4.078841
46.000000 38.000000 1.818817
48.000000 38.000000 -11.557185
50.000000 38.000000 2.667019
-50.000000 40.000000 -1.498699
-48.000000 40.000000 7.044726
-46.000000 40.000000 -5.661347
-44.000000 40.000000 -1.280653
-42.000000 40.000000 1.047552
-40.000000 40.000000 1.893106
-38.000000 40.000000 -1.877309
-36.000000 40.000000 4.683189
-34.000000 40.000000 -9.645044
-32.000000 40.000000 -1.078384
-30.000000 40.000000 -2.779902
-28.000000 40.000000 8.338375
-26.000000 40.000000 -1.160377
-24.000000 40.000000 -5.840995
-22.000000 40.000000 -5.247890
-20.000000 40.000000 4.531534
-18.000000 40.000000 -2.922963
-16.000000 40.000000 -3.342867
-14.000000 40.000000 -4.121168
-12.000000 40.000000 2.834286
-10.000000 40.000000 -0.055187
-8.000000 40.000000 -2.048815
-6.000000 40.000000 -2.384285
-4.000000 40.000000 1.647782
-2.000000 40.000000 2.059759
0.000000 40.000000 -1.633296
2.000000 40.000000 4.583309
4.000000 40.000000 -2.402857
6.000000 40.000000 -1.451175
8.000000 40.000000 -0.376591
10.000000 40.000000 -4.551373
12.000000 40.000000 1.016577
14.000000 40.000000 3.584891
16.000000 40.000000 -4.041273
18.000000 40.000000 6.664590
20.000000 40.000000 -2.748986
22.000000 40.000000 2.808842
24.000000 40.000000 5.163324
26.000000 40.000000 0.345744
28.000000 40.000000 -1.372192
30.000000 40.000000 0.034413
32.000000 40.000000 0.532556
34.000000 40.000000 -2.916305
36.000000 40.000000 -5.414017
38.000000 40.000000 1.401680
40.000000 40.000000 -2.194996
42.000000 40.000000 4.629906
44.000000 40.000000 -1.967414
46.000000 40.000000 9.283096
48.000000 40.000000 4.265315
50.000000 40.000000 1.561094
-50.000000 42.000000 2.610956
-48.000000 42.000000 5.918484
-46.000000 42.000000 -1.313630
-44.000000 42.000000 -0.868988
-42.000000 42.000000 4.552325
-40.000000 42.000000 -0.799273
-38.000000 42.000000 9.615746
-36.000000 42.000000 6.293894
-34.000000 42.000000 2.917578
-32.000000 42.000000 -1.219366
-30.000000 42.000000 -7.733298
-28.000000 42.000000 4.513533
-26.000000 42.000000 0.010894
-24.000000 42.000000 -5.393065
-22.000000 42.000000 -3.671699
-20.000000 42.000000 1.152161
-18.000000 42.000000 -2.600015
-16.000000 42.000000 -3.102729
-14.000000 42.000000 5.969004
-12.000000 42.000000 5.335757
-10.000000 42.000000 -6.462533
-8.000000 42.000000 3.337221
-6.000000 42.000000 -1.786890
-4.000000 42.000000 -3.956510
-2.000000 42.000000 1.256271
0.000000 42.000000 -2.285231
2.000000 42.000000 -5.822367
4.000000 42.000000 -4.941211
6.000000 42.000000 1.747312
8.000000 42.000000 -3.632521
10.000000 42.000000 9.065461
12.000000 42.000000 0.172514
14.000000 42.000000 -3.116810
16.000000 42.000000 3.046232
18.000000 42.000000 2.900672
20.000000 42.000000 4.336488
22.000000 42.000000 -0.619344
24.000000 42.000000 -7.252828
26.000000 42.000000 3.012999
28.000000 42.000000 -0.122489
30.000000 42.000000 1.373254
32.000000 42.000000 2.541069
34.000000 42.000000 2.737096
36.000000 42.000000 0.278665
38.000000 42.000000 3.675743
40.000000 42.000000 8.250780
42.000000 42.000000 -8.882744
44.000000 42.000000 8.747000
46.000000 42.000000 -0.252308
48.000000 42.000000 1.289187
50.000000 42.000000 -7.438278
-50.000000 44.000000 -5.553943
-48.000000 44.000000 4.604622
-46.000000 44.000000 0.045596
-44.000000 44.000000 1.918703
-42.000000 44.000000 2.039611
-40.000000 44.000000 16.867077
-38.000000 44.000000 6.608436
-36.000000 44.000000 -9.045603
-34.000000 44.000000 6.500536
-32.000000 44.000000 1.739462
-30.000000 44.000000 -11.364429
-28.000000 44.000000 -2.892766
-26.000000 44.000000 -4.113932
-24.000000 44.000000 -2.958462
-22.000000 44.000000 -9.421377
-20.000000 44.000000 -0.001434
-18.000000 44.000000 4.479251
-16.000000 44.000000 1.233893
-14.000000 44.000000 -1.706135
-12.000000 44.000000 -4.403891
-10.000000 44.000000 -0.673612
-8.000000 44.000000 -5.735572
-6.000000 44.000000 -1.516252
-4.000000 44.000000 6.781463
-2.000000 44.000000 -0.002551
0.000000 44.000000 -1.020805
2.000000 44.000000 0.563797
4.000000 44.000000 6.186192
6.000000 44.000000 0.578312
8.000000 44.000000 3.926230
10.000000 44.000000 -3.270306
12.000000 44.000000 -6.143770
14.000000 44.000000 -0.360658
16.000000 44.000000 -2.377177
18.000000 44.000000 -9.312199
20.000000 44.000000 3.201845
22.000000 44.000000 1.002944
24.000000 44.000000 -2.273556
26.000000 44.000000 8.319358
28.000000 44.000000 5.076337
30.000000 44.000000 -5.516423
32.000000 44.000000 3.700940
34.000000 44.000000 -7.709388
36.000000 44.000000 -2.661182
38.000000 44.000000 -5.917654
40.000000 44.000000 -0.107225
42.000000 44.000000 -0.453163
44.000000 44.000000 7.743226
46.000000 44.000000 2.972029
48.000000 44.000000 3.960944
50.000000 44.000000 -2.348285
-50.000000 46.000000 -4.151593
-48.000000 46.000000 2.073597
-46.000000 46.000000 -0.712309
-44.000000 46.000000 -5.484964
-42.000000 46.000000 3.172089
-40.000000 46.000000 -8.855278
-38.000000 46.000000 10.753268
-36.000000 46.000000 -0.962599
-34.000000 46.000000 2.355465
-32.000000 46.000000 -3.485967
-30.000000 46.000000 0.544442
-28.000000 46.000000 1.850247
-26.000000 46.000000 3.260740
-24.000000 46.000000 5.153950
-22.000000 46.000000 2.070673
-20.000000 46.000000 -1.264294
-18.000000 46.000000 -3.091190
-16.000000 46.000000 0.211527
-14.000000 46.000000 7.483803
-12.000000 46.000000 -3.913953
-10.000000 46.000000 -5.430879
-8.000000 46.000000 8.352320
-6.000000 46.000000 -3.761794
-4.000000 46.000000 0.727765
-2.000000 46.000000 3.959272
0.000000 46.000000 6.697728
2.000000 46.000000 -6.046641
4.000000 46.000000 2.618616
6.000000 46.000000 -10.146698
8.000000 46.000000 11.197239
10.000000 46.000000 -4.122521
12.000000 46.000000 -5.603923
14.000000 46.000000 -1.237185
16.000000 46.000000 2.533020
18.000000 46.000000 6.921605
20.000000 46.000000 -2.353785
22.000000 46.000000 1.815120
24.000000 46.000000 5.897820
26.000000 46.000000 9.204146
28.000000 46.000000 3.162104
30.000000 46.000000 5.476841
32.000000 46.000000 2.970764
34.000000 46.000000 -5.007601
36.000000 46.000000 -4.877120
38.000000 46.000000 -3.412937
40.000000 46.000000 -4.737669
42.000000 46.000000 3.825246
44.000000 46.000000 -5.294868
46.000000 46.000000 9.062546
48.000000 46.000000 -1.967249
50.000000 46.000000 7.461347
-50.000000 48.000000 -5.162875
-48.000000 48.000000 0.549941
-46.000000 48.000000 -5.569916
-44.000000 48.000000 -1.906721
-42.000000 48.000000 3.272328
-40.000000 48.000000 -3.801727
-38.000000 48.000000 8.214652
-36.000000 48.000000 -2.316522
-34.000000 48.000000 6.088715
-32.000000 48.000000 -1.218597
-30.000000 48.000000 10.707563
-28.000000 48.000000 1.105447
-26.000000 48.000000 7.969500
-24.000000 48.000000 -0.295422
-22.000000 48.000000 -2.813887
-20.000000 48.000000 -5.233815
-18.000000 48.000000 -4.149276
-16.000000 48.000000 -3.344892
-14.000000 48.000000 2.012341
-12.000000 48.000000 -9.497748
-10.000000 48.000000 -1.863093
-8.000000 48.000000 2.441958
-6.000000 48.000000 0.571229
-4.000000 48.000000 -4.210981
-2.000000 48.000000 4.348742
0.000000 48.000000 -5.296652
2.000000 48.000000 5.574156
4.000000 48.000000 3.888945
6.000000 48.000000 4.251902
8.000000 48.000000 2.176082
10.000000 48.000000 -4.650096
12.000000 48.000000 3.324132
14.000000 48.000000 4.957443
16.000000 48.000000 1.512005
18.000000 48.000000 0.856863
20.000000 48.000000 5.425435
22.000000 48.000000 -1.803252
24.000000 48.000000 -3.502665
26.000000 48.000000 9.057698
28.000000 48.000000 0.682804
30.000000 48.000000 -1.070104
32.000000 48.000000 -1.909497
34.000000 48.000000 -5.219557
36.000000 48.000000 1.778404
38.000000 48.000000 -4.762497
40.000000 48.000000 -8.904379
42.000000 48.000000 -1.057697
44.000000 48.000000 0.746153
46.000000 48.000000 -3.311416
48.000000 48.000000 -2.270904
50.000000 48.000000 -1.519042
-50.000000 50.000000 -3.922419
-48.000000 50.000000 -6.287240
-46.000000 50.000000 4.547549
-44.000000 50.000000 -0.832486
-42.000000 50.000000 -3.591047
-40.000000 50.000000 -6.339640
-38.000000 50.000000 3.642455
-36.000000 50.000000 1.293806
-34.000000 50.000000 7.076839
-32.000000 50.000000 0.526367
-30.000000 50.000000 0.163065
-28.000000 50.000000 2.726758
-26.000000 50.000000 0.338242
-24.000000 50.000000 3.646649
-22.000000 50.000000 -5.434050
-20.000000 50.000000 12.421311
-18.000000 50.000000 0.169217
-16.000000 50.000000 -5.829351
-14.000000 50.000000 3.448055
-12.000000 50.000000 8.984980
-10.000000 50.000000 1.567023
-8.000000 50.000000 -0.082380
-6.000000 50.000000 -7.876598
-4.000000 50.000000 3.923410
-2.000000 50.000000 0.707362
0.000000 50.000000 -3.827465
2.000000 50.000000 -8.633283
4.000000 50.000000 -4.310921
6.000000 50.000000 -9.483044
8.000000 50.000000 1.931441
10.000000 50.000000 -8.457977
12.000000 50.000000 -6.002283
14.000000 50.000000 -8.155889
16.000000 50.000000 4.701325
18.000000 50.000000 -3.713841
20.000000 50.000000 4.377482
22.000000 50.000000 -11.013779
24.000000 50.000000 -2.166749
26.000000 50.000000 5.165534
28.000000 50.000000 3.372612
30.000000 50.000000 -10.367545
32.000000 50.000000 -4.504645
34.000000 50.000000 0.173398
36.000000 50.000000 2.332114
38.000000 50.000000 -1.590997
40.000000 50.000000 -8.102492
42.000000 50.000000 -0.610450
44.000000 50.000000 9.452241
46.000000 50.000000 6.215558
48.000000 50.000000 -7.818383
50.000000 50.000000 -0.057444
