0.000000 0.000000
0.101010 0.101010
0.202020 0.202020
0.303030 0.303030
0.404040 0.404040
0.505051 0.505051
0.606061 0.606061
0.707071 0.707071
0.808081 0.808081
0.909091 0.909091
1.010101 1.010101
1.111111 1.111111
1.212121 1.212121
1.313131 1.313131
1.414141 1.414141
1.515152 1.515152
1.616162 1.616162
1.717172 1.717172
1.818182 1.818182
1.919192 1.919192
2.020202 2.020202
2.121212 2.121212
2.222222 2.222222
2.323232 2.323232
2.424242 2.424242
2.525253 2.525253
2.626263 2.626263
2.727273 2.727273
2.828283 2.828283
2.929293 2.929293
3.030303 3.030303
3.131313 3.131313
3.232323 3.232323
3.333333 3.333333
3.434343 3.434343
3.535354 3.535354
3.636364 3.636364
3.737374 3.737374
3.838384 3.838384
3.939394 3.939394
4.040404 4.040404
4.141414 4.141414
4.242424 4.242424
4.343434 4.343434
4.444444 4.444444
4.545455 4.545455
4.646465 4.646465
4.747475 4.747475
4.848485 4.848485
4.949495 4.949495
5.050505 4.949495
5.151515 4.848485
5.252525 4.747475
5.353535 4.646465
5.454545 4.545455
5.555556 4.444444
5.656566 4.343434
5.757576 4.242424
5.858586 4.141414
5.959596 4.040404
6.060606 3.939394
6.161616 3.838384
6.262626 3.737374
6.363636 3.636364
6.464646 3.535354
6.565657 3.434343
6.666667 3.333333
6.767677 3.232323
6.868687 3.131313
6.969697 3.030303
7.070707 2.929293
7.171717 2.828283
7.272727 2.727273
7.373737 2.626263
7.474747 2.525253
7.575758 2.424242
7.676768 2.323232
7.777778 2.222222
7.878788 2.121212
7.979798 2.020202
8.080808 1.919192
8.181818 1.818182
8.282828 1.717172
8.383838 1.616162
8.484848 1.515152
8.585859 1.414141
8.686869 1.313131
8.787879 1.212121
8.888889 1.111111
8.989899 1.010101
9.090909 0.909091
9.191919 0.808081
9.292929 0.707071
9.393939 0.606061
9.494949 0.505051
9.595960 0.404040
9.696970 0.303030
9.797980 0.202020
9.898990 0.101010
10.000000 0.000000
