0.0 0.0835055723307 5.0
1.0101010101 -1.22974967291 5.0
2.0202020202 -9.59009325859 5.0
3.0303030303 -3.94090670049 5.0
4.0404040404 2.44999260442 5.0
5.05050505051 6.27186931923 5.0
6.06060606061 -3.86469262459 5.0
7.07070707071 0.780234716906 5.0
8.08080808081 -2.47710729486 5.0
9.09090909091 -9.33829323194 5.0
10.101010101 12.4365112596 5.0
11.1111111111 5.24276378618 5.0
12.1212121212 -0.0247227803099 5.0
13.1313131313 12.3492051675 5.0
14.1414141414 4.40133542789 5.0
15.1515151515 7.14304546042 5.0
16.1616161616 13.4262636441 5.0
17.1717171717 10.3205954822 5.0
18.1818181818 8.56920206957 5.0
19.1919191919 -2.48813521426 5.0
20.202020202 1.86617613354 5.0
21.2121212121 3.35531019184 5.0
22.2222222222 6.5115243141 5.0
23.2323232323 5.59006056035 5.0
24.2424242424 14.1462005463 5.0
25.2525252525 19.0289628571 5.0
26.2626262626 9.24657666113 5.0
27.2727272727 9.60510497122 5.0
28.2828282828 2.62637969517 5.0
29.2929292929 8.19624357811 5.0
30.303030303 15.8850835119 5.0
31.3131313131 16.6778720447 5.0
32.3232323232 20.6049166064 5.0
33.3333333333 17.2563483675 5.0
34.3434343434 20.3309022742 5.0
35.3535353535 13.0836252081 5.0
36.3636363636 22.6475083202 5.0
37.3737373737 18.0128997442 5.0
38.3838383838 19.1359163168 5.0
39.3939393939 14.6651481938 5.0
40.404040404 10.3535467229 5.0
41.4141414141 17.1353602991 5.0
42.4242424242 27.5203020711 5.0
43.4343434343 21.5876511785 5.0
44.4444444444 29.0530917539 5.0
45.4545454545 23.7906267929 5.0
46.4646464646 22.7638060402 5.0
47.4747474747 21.8114889025 5.0
48.4848484848 27.2379045384 5.0
49.4949494949 27.1510285266 5.0
50.5050505051 -25.0697166599 5.0
51.5151515152 -15.229052468 5.0
52.5252525253 -19.4422382939 5.0
53.5353535354 -16.8629550899 5.0
54.5454545455 -15.4975301355 5.0
55.5555555556 -13.983361197 5.0
56.5656565657 -21.1065923436 5.0
57.5757575758 -13.2123618785 5.0
58.5858585859 -21.8834770962 5.0
59.595959596 -17.947128699 5.0
60.6060606061 -25.671454906 5.0
61.6161616162 -23.1292388341 5.0
62.6262626263 -23.484175285 5.0
63.6363636364 -27.6697749187 5.0
64.6464646465 -26.1463714795 5.0
65.6565656566 -31.2374043817 5.0
66.6666666667 -22.4976991297 5.0
67.6767676768 -14.2129615566 5.0
68.6868686869 -19.5592480869 5.0
69.696969697 -22.9642926459 5.0
70.7070707071 -14.8423321741 5.0
71.7171717172 -22.6707241141 5.0
72.7272727273 -25.6813262725 5.0
73.7373737374 -24.6534346375 5.0
74.7474747475 -31.316160203 5.0
75.7575757576 -31.8171055325 5.0
76.7676767677 -24.8880772416 5.0
77.7777777778 -30.4022483954 5.0
78.7878787879 -22.7556849947 5.0
79.797979798 -32.1086473507 5.0
80.8080808081 -35.2183798736 5.0
81.8181818182 -37.6094853495 5.0
82.8282828283 -32.459734448 5.0
83.8383838384 -30.395725146 5.0
84.8484848485 -33.9026767632 5.0
85.8585858586 -49.235550707 5.0
86.8686868687 -30.0936686108 5.0
87.8787878788 -36.6393957243 5.0
88.8888888889 -42.6231408887 5.0
89.898989899 -35.3129061318 5.0
90.9090909091 -39.6480141208 5.0
91.9191919192 -25.0716753281 5.0
92.9292929293 -31.3134602543 5.0
93.9393939394 -38.4059682515 5.0
94.9494949495 -41.8463568049 5.0
95.9595959596 -37.5568381392 5.0
96.9696969697 -41.1643840739 5.0
97.9797979798 -46.2975989588 5.0
98.9898989899 -37.2810865657 5.0
100.0 -43.472062568 5.0