-19.8200004924 8.88944273303 11.1202493085
-25.5280699253 -45.0976773189 3.96025208851
-37.7024076933 1.11644586178 0.151898073407
-3.74419245976 -24.9129662068 26.6600949256
32.9296186961 31.8276757209 4.92128273181
-39.1935795257 29.2648673896 1.24491464769
30.7876648828 -32.3366794069 1.8024809741
-44.5184662513 24.7290170169 -2.50041628955
-42.4431551127 44.2835355713 -2.55006359577
-25.2011041282 -8.94652036037 13.2069880455
26.5455442073 5.4818459469 9.2343334463
32.482164453 -35.4141913442 0.184287709122
-15.9450071987 22.1246725865 5.62126624336
5.91075098759 -21.5833280356 17.9338846068
27.3023567198 -14.9956685974 4.11299789739
-19.3655153695 46.0565327617 3.26351198038
41.8393534385 19.103531912 0.404386333141
23.0355605536 42.184114522 4.30550387971
-9.68738107254 42.7647436783 -0.300274753397
-34.6180577329 19.2436005974 1.69957998807
3.24887841928 -40.598139883 2.41793169395
-40.6272809064 -5.94459803582 0.0527304162554
-33.5281042315 6.55091861016 -1.07594837039
42.8114361943 -22.7338625677 2.06480549246
27.3622912037 23.7758384911 11.5514252943
34.5134519438 29.7239297574 4.42051748789
27.5583432084 13.7126602754 9.58405202335
-32.2302476514 9.07709438689 0.592859243034
28.3086950314 -29.2050556654 1.85188283101
-24.3634352254 -40.5436297391 7.17558389487
-42.7364512464 -4.36503920425 -0.31711078936
14.1818230665 -45.1593463991 2.74597633795
23.0636296437 -31.1900384884 -2.23603381619
-26.9605389465 -10.5863739859 16.4534182436
-39.064395154 17.6908489065 3.00886366101
-44.9277852838 -13.3620909978 2.62097912269
-7.28546506583 -46.0029407084 4.76158539968
17.09679243 -1.75029438004 20.7028973328
-38.7148120218 -9.79161145714 1.05675823847
-18.5088467433 -11.0555882613 27.4581189604
35.6728323948 -45.7551678973 5.03794555059
0.665905164932 19.8305641173 29.6607288874
-19.9512244368 -36.3799552935 14.8944486368
-10.0241202357 -26.1597856039 25.8041603651
49.5671365392 -29.4344905191 1.3662038543
23.7849438493 -2.7960055459 13.1397629859
32.0488926709 10.6134558511 5.08383938248
-10.5365969486 -25.9127984934 27.0022276659
-41.543517674 16.5539247326 0.488334869292
-12.067636742 30.2340458651 4.70565764299
28.8741048357 41.7673392853 9.50622644294
-48.9011648039 0.754694604707 -1.1294176147
-47.9306504231 -29.2814754151 1.80678670302
23.1844626857 41.4699383016 4.32165651529
9.48628830349 18.5304631558 33.2046694285
39.8090636566 6.31132115925 -1.08021084561
-18.3579189861 8.87710644216 13.3229871422
-37.3874103155 -10.6483441385 4.62529979208
33.7495662951 -38.9974621336 -0.157759341031
-35.499539877 -14.9180518955 5.03561910989
35.5792833569 -11.5974562876 -2.22011330501
29.6156552879 3.98938581703 6.16630727666
35.59333248 -0.936833232235 3.64051107347
33.8285603306 -24.6070857296 -2.36040514309
37.1137534606 5.07117322779 0.222567493445
8.35506767102 -35.5853516825 7.7673314957
-14.760460694 -1.88326686298 29.6848348176
34.1904965672 -10.6541012889 -0.28152194819
-5.52381840802 -39.1051734095 7.7566429712
43.2543630038 17.7396251555 4.43134430619
13.7440933408 -3.27053047249 25.0381782633
13.8119494972 -47.7872282565 4.85110944427
-9.80763511525 47.2739011026 0.187893215277
-4.78759086402 -0.938994741036 48.677954514
37.6019670847 -49.0271880533 0.365515566901
21.1633822245 -27.968577597 1.51625249518
27.0549286741 47.7319177008 2.41239316199
-4.5617447672 -38.7340596128 8.22988619595
15.9894911725 -14.7918455705 9.47398924595
21.5580230719 12.7309493211 23.9144915578
37.7657461345 -44.4808833653 -2.83152454987
-45.9341653941 25.0692465401 3.3183303713
11.9047787606 -13.4374752436 21.8022850436
42.8297152784 18.029558006 -0.453134569993
22.8604065422 -23.7213179889 5.3700327201
-32.3741498804 -30.4886052334 7.92165715234
25.5651306957 20.9978835202 15.2357278848
32.1935513066 17.1894682509 9.01046484157
-46.5754938019 38.6143079823 1.16511137457
32.9419324959 21.0917711319 7.47792149331
17.6743435621 -44.8389340001 0.556401921023
2.56890742093 -34.0022155337 8.86007690107
15.7351195329 33.2069328515 16.9652418602
16.0091232461 41.8651714536 12.993605047
-16.661980732 11.0069947947 14.2901653515
-1.6249155695 26.5723610144 13.4255295837
15.4737165452 3.43426507116 32.3490484861
1.2532995474 44.526270397 3.44535242657
17.5973577798 -3.23507794803 21.6607570136
23.1108043751 -20.3261089239 4.16176582264
-14.9047934177 -36.3013256623 13.425517442
-26.7231774115 25.152730321 2.06703431808
-1.59241488245 -40.8851831012 4.29149236475
-41.0217087809 -31.2080444159 -0.10844813005
45.4167986473 -6.62878438151 0.837475589456
-42.0299381293 -15.5036436512 2.88038937946
3.05978178384 32.2997010723 11.2984364391
48.897846884 -45.2592128737 2.42728601525
-21.6581539162 48.0598901278 -0.56191016551
-9.9017822031 18.1956033159 17.6640133073
-29.3557899196 -4.11342996573 8.38865319575
-45.9983292591 19.0896417444 -0.246691103773
-45.0507070342 -18.9771955667 0.495990419547
-49.6430096276 -44.5791768245 -1.75696667111
6.92077518211 45.1155148609 4.03509858443
14.9625647934 43.8726429491 6.05369608965
31.8623339044 4.66090293467 3.70731703883
15.7929425062 -23.3021829304 9.4075379481
-9.13142205741 -15.1259864068 40.37270947
-45.9748642787 16.1165042529 3.95851333047
27.647658684 21.6339304998 8.98204908456
40.6474722301 -0.654144706821 2.12548500335
-8.56770932407 -22.4179333926 29.1011284095
-45.9313978618 21.3844365499 -1.73942562633
-28.8149343136 34.7255491074 0.832415575862
-8.72906022987 -19.4514104308 34.5539469254
-31.7421437144 33.1125334247 -1.24687900287
8.37980401366 46.6497876622 3.80401516653
41.5429547167 23.8421458502 1.51720380169
-39.6344061602 37.8674523926 -1.63907435448
35.6171559406 45.3491971426 -0.668919471331
38.9266743116 8.47852266245 4.53600603188
-13.5550983366 4.80819307003 24.3626722749
7.48679881892 44.8729020661 6.06197590407
15.0037515992 0.925048295667 24.6552286089
28.3897063261 21.1354233489 10.0244143644
35.2205473585 -16.4906557594 -0.300453576717
16.7936748802 -20.1864365871 9.24544544226
-15.6010967232 -32.8146805836 17.1367050067
-32.4250659019 31.0384641089 -1.59465355593
17.5771111727 -12.08899178 12.5515179534
27.8895040983 36.4353965108 9.75396241296
-8.42076536253 -36.8871714957 10.8125673199
46.4703676095 -11.5830739772 -0.214252993304
-29.7440236391 43.2038915041 3.74919956205
39.3817922969 39.6995836189 0.993141375464
-3.74454581735 -5.37409710499 52.4732281345
8.8106004686 -6.67686905258 30.2543100858
47.815134949 -28.0170449474 -0.2822167617
9.76023750632 -30.8917203 7.11652656172
-4.09463987767 -26.7986926498 19.8642808507
13.226784063 -6.85142557397 26.3642102735
-39.9367171782 23.1076487354 1.25512634254
-22.4903810329 5.36210058717 12.0598882375
-41.253897113 5.68755844112 4.0944642531
44.8516967998 -33.8261768839 -0.329575952444
-2.65791011677 -46.2450118125 2.0769142372
-49.8506441086 -49.8218958006 0.982401902174
24.5581613241 -31.3589042444 0.592234592889
-48.4278496055 3.19026258954 -3.46577686432
-31.9579462337 15.8518478488 -0.802844794255
-22.3922032026 -21.3641277281 18.5215088484
-15.5471827774 -13.4618318475 32.9078644335
-30.3276086823 -19.5115424837 9.16111553684
6.01581476171 -20.471830867 17.3779928857
-3.63804658379 -12.6210109016 43.6621564318
-45.9514428445 -29.5781285194 2.32103459638
4.28643370807 -22.1931931636 18.6276298367
-29.7521780205 13.1385510144 4.2357226433
13.5448368408 -13.2990278317 14.8713067986
23.7614177701 39.5137324412 8.03676011883
44.6512461973 46.329764179 1.92581073391
38.9577321818 -42.8643244961 -1.15612668873
-29.5336746916 -47.7467125951 3.83213695242
-32.4940905952 19.2752929136 -0.996030963479
-29.4128751623 -44.4290170046 3.72098292132
-8.48775150207 21.9315172492 9.97657971312
-40.0469525268 -26.4308523994 -0.185160952327
-16.9961226372 25.0508541207 6.78090422605
32.2237753047 42.3300815152 1.7765266212
39.4677758077 -35.516864478 -3.07614775853
28.3456094987 -26.5864896689 1.20867107622
44.2039863931 22.747986566 3.93025864492
-2.30420045001 -4.11268200234 50.775880493
-27.4161769071 -6.91587872195 8.67207532466
-35.0068407376 -32.7743027005 4.77888698756
-23.5335665145 -37.6457259928 7.83538879622
-35.3381449314 -40.9321649762 4.94874703479
28.8446776408 48.5559934442 0.438126631118
-21.7638165622 27.9547558879 -0.26576016174
-39.1927773812 24.2970930521 -3.29356029741
-29.9083781479 -33.060972282 6.90052385756
-21.9611721349 -28.061920457 20.1033734928
-35.1260593296 -47.9725961793 1.97552175507
36.7696110997 8.06879855385 0.914004353795
-11.2141697009 -26.281094561 26.3490664104
48.6967076683 9.14348526691 -2.34983233273
-28.1737962324 -16.5784925548 10.7296148173
-41.9536666115 -5.30617716477 0.614953418877
14.7973511024 23.372137872 25.8297867958
-3.03539866063 9.14166057731 42.0790473405
21.9235043749 -45.7349977872 -0.117910444663
-34.8115544845 19.1059560837 -0.427823162635
-45.2707903169 35.0801638605 -2.41988778491
-16.1122864805 15.1037198166 12.1802065298
39.9457649277 22.5715571231 2.30207212137
-1.89258740636 -32.4651460343 15.2420826106
29.3813494294 -48.0454121172 1.95693100464
-0.018255673779 -47.534804426 0.849366738851
-20.5637174029 1.25621265296 14.7977645639
34.8411432669 28.6063298322 4.2334160366
-27.1357137155 -49.5754575814 4.64438471922
14.9776180805 30.4883608447 14.8751110437
-8.88230581653 -2.81322551206 43.1509652058
-6.5250515642 48.1871381775 1.02355282187
31.6234715117 4.06837718141 6.01510806016
13.4442144412 30.6981726946 21.2093978896
19.8105145526 -45.1791933007 0.882045725027
-33.6059974943 29.6868713033 -0.600260144454
-38.335698384 -44.0957648196 -1.09599708046
49.4408395684 -42.4009909049 -0.603582225402
43.8047997756 44.047829915 -0.0456848710332
35.5240188191 -29.0482193379 -1.10767370411
-9.18435321663 7.91928619233 33.2732860449
22.1757118974 -2.24037836678 12.1986434417
-26.0526071114 -4.64562422148 11.0402129989
12.8121413125 -0.0831794176226 30.5793680451
19.923940193 42.2540249313 7.03334364601
33.8235097475 -19.0856646886 1.46771684402
25.8781420128 -48.1543126252 -3.39766335001
-18.9345981644 -31.1494819704 18.5823914684
40.6235141012 10.5655957767 -1.78753360382
22.548067358 11.5016033069 17.9540618969
11.5334806848 3.86038172129 37.6952597553
-12.6186821272 16.814507338 14.8227060368
29.6907747154 -14.1102045584 1.54305955275
-12.6928065972 5.66194120048 25.6063328037
38.0793721406 -9.9215691189 3.08994367533
47.0554618524 18.9066763203 0.745228236512
-21.2226571019 -9.35436169916 20.8397727314
-47.6228622686 -42.052535089 3.0323441919
-11.5182143622 25.9269166586 7.28314227513
-15.6338609129 -37.0399454883 11.9428984842
14.3365736144 -31.5555217002 -1.42268474513
-47.759057414 47.7556402953 -0.0682358489478
47.1938829423 -33.2367799907 1.9898021159
23.0094289639 -5.3648554951 9.0965160169
36.6231885442 -35.6640845316 0.753719558019
-4.45094639474 8.83187233171 36.9873817088
21.5847381523 -46.6696746142 -0.702999944785
-10.0022512338 33.8382548156 6.83795667554
-32.7868349454 -12.5344825143 8.3171449859
-0.491415195894 17.325780773 35.2598966951
-25.5262250815 33.9117420857 -1.40124811027
-19.8124537792 36.3688795015 -1.11021027873
-35.6120494601 -19.7544051541 3.68219068905
-48.6811415936 35.185656468 3.50972060519
13.3929413399 24.3588191788 25.7263464999
7.48094241379 -17.9721063923 19.4669463221
-19.7534520603 -39.1330337298 10.7252951947
6.80191227755 -23.9300999483 14.945621861
45.8761601657 -8.0539622847 0.280064782117
24.1129049621 -39.4143879535 -0.177346682475
15.7451140502 -16.2821765078 7.15981872596
38.3943665875 -7.8891002555 1.08177320555
35.4997548941 23.4035763349 6.68702973432
3.88996911591 5.7576231609 49.9684543135
-43.7656412021 -4.9548430695 1.35304619906
26.5253295504 -36.8685974586 1.90378189826
17.2875877159 44.2082514085 8.1173169878
-43.9467277264 10.309785419 -2.17320659285
25.2706934598 29.0194394788 13.251657003
-12.5597326716 -49.5108649282 6.10855065621
21.9839079896 -36.6696301574 0.98331542678
-45.7021335572 30.6487461255 0.135664411149
-41.9434086952 47.1372076693 -1.0487231508
18.1955191554 -38.95538406 -0.40222660431
-2.77053135844 -23.5374887637 28.339466063
12.1025383855 -41.5145952023 1.69814593992
-24.0849719802 -24.7683917845 17.342141235
40.8965985246 29.0181438619 2.27984104656
23.8871155586 -22.9177346862 3.85933661812
-25.4167118418 18.7379941753 3.71374700354
-27.8212759233 -13.9196873173 6.88312833998
41.499139079 39.3411992781 0.168901762918
-35.588396507 47.8516167873 -2.4264552738
-44.4947495785 -16.9687330365 -1.60202892998
-0.410504498201 25.7522357622 21.9672512261
12.9948060937 -25.1337008138 9.66412713809
-30.4251530523 19.5491596655 2.20630097889
-45.7582195063 -29.2361774485 1.89870976375
-17.9535582613 41.7660535874 2.32150598793
-32.5771852455 21.8084258052 0.117282352915
-44.1343011634 -23.2688294373 -1.13941338448
14.1170860158 3.6613277989 31.9249216093
31.2771170351 43.1510448878 1.36288576511
-12.8700068194 -45.3165448021 4.57924742904
48.0475267906 11.5302860574 1.63233536508
5.35554622114 0.569504837281 48.4177257391
-39.3089567989 26.975902648 -1.20609103389
39.2691959209 -14.1197698879 -0.607543261237
13.8714915311 41.663944154 12.1728379475
9.29029328072 -17.9809004976 19.7773208207
-23.0487976655 -25.3397559233 18.2516104651
-44.3299295359 33.692792466 -0.464294982196
4.93162682241 -5.35411421364 45.7656875829
-19.4249449511 19.1977990022 5.50346118316
-27.3698512675 -0.801170697216 4.28957072375
33.9782825711 -39.7846668304 -0.331350940416
36.6212203509 16.5442523761 3.00652182367
44.4809937879 47.6382261774 -3.00281347307
43.1615718305 46.967138629 0.730584463894
-35.8268361683 31.6782140252 -0.982799180691
-10.7696918972 -6.95167183102 37.1714358567
-25.3695687092 42.6262623209 3.43221725614
-20.5009093882 42.0534337261 0.53290733456
17.5040151679 14.9543815876 29.5041951529
-19.7311520516 -3.40329287759 17.5602997382
0.482392361602 -21.8564832178 25.5553957286
-17.5996690031 -26.4646006713 19.0559368728
30.1267761639 -19.73510269 3.07879695948
0.787416412084 5.28462240915 49.564615418
-48.3009077124 32.746179861 -1.24365604373
42.4210237825 -28.3191793894 2.9176873389
-31.2864391628 -31.0372422318 8.51123521701
-0.106787638379 31.230669487 10.7309386231
48.1237267198 -38.3028310101 1.12660188476
49.3765828773 -43.122635918 0.621611007738
9.84258056101 19.6620782164 35.872665448
8.07024492705 -11.064378142 27.5605487725
-42.7822622939 -15.7269777258 -1.43915168479
-43.8403912547 36.2224555066 1.77624453946
-39.677962783 -35.2771350493 5.70669915557
43.9386471695 0.735848999251 -0.431544612365
-33.3048966894 9.09442866345 -0.442169666442
-3.95419180059 23.1792309521 19.4619918712
36.7046550811 -32.2121206947 1.6233222387
-39.4296044211 -6.70386171655 -1.18958063007
-20.5487516513 6.43343138132 9.57166958195
-13.2972006777 14.6065478496 15.0675224876
46.2223696069 3.75662222085 -1.82991221298
-44.1206582417 40.2920206448 -0.204810003487
2.68655994461 3.33319513433 49.7095410558
15.4951803305 16.5477124782 32.0587279421
26.543039685 17.08058325 14.7967022674
23.5339671963 -44.6177925396 1.05266096507
43.0437005376 -22.6530901968 -1.1715535439
-26.0164490395 -18.1729541406 11.8252701694
13.8803406592 3.90728863567 32.8934223032
45.7213282659 -41.5363166538 0.093110977572
31.4229790698 28.3081933543 7.92576197228
44.0141146359 -26.0673949665 1.46402017046
17.3340449989 46.1517001435 7.33299638536
-19.4255152792 -17.2235615929 27.9475662185
45.6751188198 -38.2207949735 -0.141428814525
20.444067311 36.0228052614 15.2977320986
2.24157153322 -37.1650513068 4.21103511655
11.0797752015 7.1606273584 40.6473818173
-18.523251528 36.1015239414 0.711804508387
-17.9180098146 -26.5616018682 19.7991033667
-17.1724631641 22.4477100187 6.34092063047
-27.1974969882 -5.40996731067 8.06754022506
15.0031723234 28.633451135 23.9547435941
43.2507690451 -26.368562941 -2.10305101346
37.6559821409 -32.503361349 -0.43006602892
-38.0769627776 -46.4556592561 0.648862201946
6.89268821642 3.53694811341 47.0347179042
15.709291044 31.7621207135 18.5341005188
-4.04199483276 43.3843881534 -2.76845872638
2.31913107309 22.0672214174 26.1817697832
7.20661406654 -42.2565843025 2.34472097497
40.5651768643 37.4195372244 0.516414869573
-40.5973749268 -46.5578219794 1.71339284863
45.0558494881 0.793519225319 -1.7538892369
40.4046009528 -12.7500694077 3.01848316119
-49.4710585923 -23.8226480353 4.35337018897
41.7000366897 46.6262329098 6.54042411761
-24.3748275083 35.0330273273 0.401086573916
-32.0069445864 -18.5163686588 8.14651247918
6.61534860174 38.5697214726 5.57520116595
-40.7665599447 4.89825540091 -0.144372725798
17.1913643014 44.1838375049 7.3229228848
28.845516959 -42.9779924374 0.859008077714
1.06020347409 30.1102384538 16.5084829483
24.8462722023 -48.867144605 -0.959970757911
-49.0914993176 -17.301758647 0.815229700929
29.6820427458 36.5652101005 7.68604498351
-40.5642269806 17.3056864822 1.60836019036
32.2921790277 -49.1907717091 -0.452072701042
-26.7431129933 32.7610795619 -1.00175538455
36.9889205361 -11.3974786763 -2.40348772499
41.9931169258 9.40939904266 -2.13257875994
-2.73831206486 -35.8511414292 10.3474223999
30.6471305713 28.551622132 6.56869654392
-29.3060529716 -9.18328557909 8.87406756334
45.8005194256 -16.3921819896 -3.04926620268
7.95540365196 34.6274508903 10.6133116739
2.69438016641 -23.0454103751 20.9994656961
11.2699969571 -36.2359409639 -0.0836399645186
6.95897688206 -10.703563504 30.0935196548
14.4607637943 -24.7728046976 3.55339616526
19.283631102 43.831835586 6.04745143572
-48.4031795188 17.4047568648 -0.904980676114
-38.9957826096 -32.0941649186 0.873490981908
16.2620215037 -10.6496426104 14.3922665851
20.9584729124 -31.1279134978 1.43614205065
-31.1181787123 14.7856992574 2.01131321682
-9.52576153338 25.3919859544 8.06387514776
9.93020791587 -17.9280492467 13.9132658215
-18.594598407 -8.5646395437 25.0335199625
-43.855071909 -8.37284332403 0.874649772457
-24.6025991145 -49.052016024 5.73008063149
10.1291490477 -47.9119133306 -0.247865111241
44.0251038141 3.1473931294 -0.341166920066
6.00064259354 17.844256417 33.908319159
20.87220218 -12.1863057005 7.03918465998
-14.6759140398 -44.3759789613 11.1923244963
-30.2088059506 -28.7771822383 12.4773376183
27.174780114 2.99407619159 7.88940698864
31.9378049956 -42.9352140523 4.44702556588
16.8995613214 -36.5636217128 -0.743149291409
31.9711937269 13.4343510185 6.84903298992
31.660510277 21.3955127411 4.57161364016
23.9672017271 17.9253370807 18.1587376508
48.1218990038 -6.06053035231 -2.68269749447
47.0367671919 14.2162307193 2.06702997293
14.0150058641 36.7493926977 9.58797091799
-31.5520058062 -4.33030160679 6.64413915263
-19.7837010057 25.8737217843 0.827158414481
20.5034271628 44.8306681583 1.51525392776
-0.630791388797 45.1237385032 -1.03321490296
-40.5331569325 7.33075594788 -6.94819963268
45.9137248591 30.0928472677 3.07585383686
-12.1269365371 -43.4025520724 8.02609760637
-3.19682593449 -3.62031046444 48.780913019
-15.6381470992 -40.1628047962 7.72195635044
43.8395014633 43.9696557311 1.29555693533
-34.4066031867 -11.633808933 1.92376222863
-9.04955665882 -0.0772893237168 39.418149447
29.9529990897 32.7339216139 9.75362872323
35.4538956105 -39.78324112 -0.225259271533
11.580689603 34.4524279439 16.8539323123
-29.7348414172 24.4636400231 0.490465357661
36.3466108065 35.3968260561 3.2924615945
-17.2599424432 46.7834427863 1.615724637
24.7167345441 -24.2464579316 4.27734592506
-15.7084662164 -47.9013024023 7.5638060843
-25.6661817635 -20.7698307428 14.1048590104
-15.4557267749 -0.189399785597 28.9577068149
10.8231307619 -11.5750428042 26.1059102731
-4.87824841996 -13.9506138669 39.5973322108
-40.2811034047 6.22112152341 -1.6770869865
17.77307214 -0.677355162525 19.9651188933
24.4600966036 32.4540530327 12.8860886191
-15.0034239252 -5.19668541703 31.4440239345
-2.71770234629 -3.02317160129 51.5178065465
27.4899887185 23.3224653721 12.4866825582
12.7903814712 13.6022139305 36.3908387251
32.9700452494 -3.89768016017 4.91622647971
-10.9905085471 37.5073589478 6.16389164799
37.8356326832 46.9907852601 1.98601953429
17.6868905536 25.3415614573 21.0000256484
17.5931583054 16.6609274958 26.6743550699
-44.7301491422 -17.1943958225 1.22601948842
17.7306517944 39.8405596447 12.4670633118
17.0896755703 -27.3991728725 3.95438294435
26.6685580931 -0.700921706765 5.48047307451
-39.0564409504 28.1093983316 1.34249514033
9.82399451865 -19.9771407117 13.6471914086
-8.91815324695 -21.4129441273 32.325940837
39.7713745297 33.9252709134 3.67120471572
-40.9894388383 46.2968202901 -0.670808360154
-35.2520319098 -5.07080680297 4.54422039015
-19.5111527411 36.5579851906 0.179950738968
-38.4927321634 -13.8753677161 0.59368932743
-40.6057266336 0.589526916656 3.2755707166
-1.0794704222 -24.6126374803 23.1585147509
-16.0441710871 -48.887695286 3.71034496106
9.97738066464 13.5254436832 40.8810225775
-35.7314664048 -25.0008961905 4.68835536287
49.7596008595 -45.2120266915 -0.915997391542
-42.8386492202 32.9723525543 -2.43523666864
3.38062627639 22.5146365485 28.9391037308
-47.9808796222 -22.4558690318 1.77126172919
17.8818663078 -28.431661206 0.864106055031
-23.3924681066 -37.0588303723 12.6506098775
-41.2867144552 -32.66527375 -0.576122281109
45.8153217866 22.4595751315 3.63430278538
-14.1794003189 -9.07496259138 31.386387808
12.7390466136 2.3099262551 32.7434919484
-25.1124041933 15.3056283113 4.12449028828
-38.9607586054 33.2724137409 0.0688752490494
43.6751656272 49.9559910975 2.94269114057
-45.3430018322 -34.2982115708 -0.663161261796
-3.63445091406 17.3203997606 26.7278996851
-25.5340202459 -32.6010838187 14.9084819201
37.2494058506 -28.9553580526 -2.39369445602
46.410245641 21.5072218062 1.9293455627
6.40045865773 -15.7837954302 27.9937590409
7.71036841264 19.4160604259 33.8238357535