0.0 -9.9536135888
1.0101010101 -2.79248967906
2.0202020202 1.09592536878
3.0303030303 5.78673311455
4.0404040404 5.92388564833
5.05050505051 3.023764567
6.06060606061 3.65204248012
7.07070707071 7.61126789984
8.08080808081 0.585507516225
9.09090909091 6.98184247858
10.101010101 -1.34005399099
11.1111111111 5.01588256176
12.1212121212 10.6582112969
13.1313131313 3.62068171662
14.1414141414 1.25326351384
15.1515151515 4.38914035223
16.1616161616 14.618868465
17.1717171717 1.7196926862
18.1818181818 13.7337965945
19.1919191919 4.10154457986
20.202020202 14.5146740628
21.2121212121 12.1578239666
22.2222222222 11.5270283136
23.2323232323 18.5088457497
24.2424242424 10.0505556534
25.2525252525 16.8721690628
26.2626262626 22.8796829259
27.2727272727 14.5955510948
28.2828282828 13.3935654968
29.2929292929 17.6630272957
30.303030303 18.137499103
31.3131313131 17.4355211057
32.3232323232 8.6133234385
33.3333333333 13.2637571453
34.3434343434 15.9557363063
35.3535353535 11.228627531
36.3636363636 24.2195723716
37.3737373737 24.732396413
38.3838383838 24.9935855959
39.3939393939 20.2672932104
40.404040404 25.2419357395
41.4141414141 19.6294281831
42.4242424242 21.6912065706
43.4343434343 13.0411981083
44.4444444444 16.5580392177
45.4545454545 16.996700005
46.4646464646 12.102565163
47.4747474747 20.7345769085
48.4848484848 31.2906443854
49.4949494949 20.7689567367
50.5050505051 -20.6691722935
51.5151515152 -16.4531839723
52.5252525253 -13.6393970489
53.5353535354 -16.8769209816
54.5454545455 -18.3986936413
55.5555555556 -11.6837764924
56.5656565657 -20.4283176471
57.5757575758 -19.982169555
58.5858585859 -21.7094372388
59.595959596 -20.0430680458
60.6060606061 -12.0101617128
61.6161616162 -21.9882945212
62.6262626263 -26.0547306274
63.6363636364 -28.2718497939
64.6464646465 -29.1213364351
65.6565656566 -23.3804272358
66.6666666667 -17.0592277879
67.6767676768 -32.470203362
68.6868686869 -27.0754197264
69.696969697 -20.4131310725
70.7070707071 -29.3892028142
71.7171717172 -29.9246519317
72.7272727273 -33.8917115899
73.7373737374 -28.3401749178
74.7474747475 -28.6084492158
75.7575757576 -18.3915387403
76.7676767677 -28.2829905639
77.7777777778 -25.0222611027
78.7878787879 -34.3314440965
79.797979798 -36.4072971603
80.8080808081 -23.0070593588
81.8181818182 -26.7588229243
82.8282828283 -32.5677805307
83.8383838384 -36.2880223358
84.8484848485 -31.1245076847
85.8585858586 -37.7472380677
86.8686868687 -33.7688355631
87.8787878788 -30.6825417291
88.8888888889 -37.4545880291
89.898989899 -42.9846287109
90.9090909091 -47.1726414885
91.9191919192 -36.8264565563
92.9292929293 -37.9517624215
93.9393939394 -38.9822116343
94.9494949495 -35.7941808826
95.9595959596 -40.7756584763
96.9696969697 -41.4202187729
97.9797979798 -42.8773006319
98.9898989899 -39.7352953793
100.0 -42.9443911472