21.2083127183 -31.1032733537 0.278767169765
41.9568195337 -42.2313849225 3.2046261702
45.6899581971 -13.8003902361 4.87999898372
12.9816877097 -31.9965783251 4.76823603373
-49.799333051 -0.277645406095 6.02945649054
-18.6944049603 30.9854081743 3.12201977553
-48.0357151221 -13.7825808255 1.13688269098
-13.8019643438 25.4047283756 3.92647164386
9.8547923805 -25.6345153454 7.73486492977
32.1303860184 -48.4354878456 -2.20310825375
-36.9938761217 10.6094361515 7.92305581596
-18.1730355236 26.6038096734 3.92447578206
29.7402907064 43.9399713467 -1.23541611956
30.1599161336 -10.2940601216 6.48723942744
-14.1735236498 -20.0479843896 7.08615920608
46.9380205128 25.0512123555 1.40018181867
-34.4777367772 -3.54328733363 8.92922555585
-17.9137349818 46.4094257312 1.80806667125
-3.92118918864 11.7504771943 17.7133086929
-36.6256767795 -20.672220457 4.9541634591
15.1522778277 -47.5837858986 0.564464696221
-23.9483213985 -47.8536359463 -1.34661889958
-41.5302150706 -11.3101237144 3.07989668049
0.814334491919 16.9202182478 12.3937397754
45.8771138913 -43.5279982524 0.242775396528
11.9170766331 -38.860057165 -0.73055252534
-48.2559193937 9.92661055416 8.80515334912
-27.295859995 -42.0130411846 0.465413538914
-11.4596504941 -22.3298743859 9.53937712925
27.8754840557 -5.03630596949 11.3795450459
-28.7520958065 -22.8200681544 2.72638827274
13.3614914126 35.8202661931 2.16878912278
29.2500080983 -10.9154591888 8.61913411156
-30.3693130453 -25.9572395006 -1.52342099422
-22.4799230666 -13.2648783643 11.4320362473
10.0276310167 -3.80495405134 20.5498677465
12.7642624665 -30.3523366186 -1.03174080905
-12.2658690172 -0.365497593038 19.0827712697
14.3492756089 -27.4785131072 2.88333286614
0.0543895787642 48.8369039581 0.621778725829
0.0668191295747 9.27483676568 17.2777271035
16.1658435792 -21.7877446518 7.91578807071
8.06400050245 -37.6985919977 0.677461313154
20.5289931808 -7.67864363543 12.7090079051
14.8742513636 -21.1005571587 7.60093337622
-32.7374564728 -25.1844370033 7.702926287
8.93301942298 -13.8979156791 13.9157380398
-16.0401819447 -11.3328659324 14.7220851474
-6.0190830341 42.3551423599 -0.457785556746
4.02985205499 16.9126735683 12.2842934229
-40.5568505378 -23.8258751068 0.941426548005
-23.5227159372 -22.2849657537 7.44882616802
21.3737867475 11.1930230234 14.7732582839
35.5115545989 49.6122965325 1.1372944162
-49.4319904542 -47.5419840731 -1.71455631107
24.8071959115 -7.36168148644 14.2510296835
35.5500796357 -41.8331837552 -0.494732485906
25.3473347881 23.409216661 4.78447283163
-23.4934168163 -34.4344758974 2.68815386374
1.53386854322 6.78214269136 23.9729206574
-28.0119337978 20.3249225293 9.626236273
0.84018207801 -42.8264499866 1.20655541094
49.5160698968 38.4019310997 -0.998132118618
38.061202348 -28.2872176771 2.59535357046
28.193207221 -10.1528182037 7.40074280749
-19.0017204601 11.8252963715 10.4800773874
-44.7150375732 -24.2277556147 1.80177477626
-41.0761224844 -46.4480586067 1.87893072663
28.7879977802 20.560910217 5.71850691399
-45.7074566107 -4.51682999406 6.69265056652
-41.0059028953 20.9283966976 -1.0434093056
37.8946527833 0.0258707405088 6.79244317174
-29.1289488946 7.84950564902 9.56776276698
6.06492589544 -35.9141620384 0.729940279821
41.8863570088 30.1419431901 4.03479522964
26.3159369962 35.1328664135 2.41609090491
26.4269946963 -5.39600268206 15.3612039204
-49.0224683737 1.02724735866 3.9189883026
42.1643853907 -5.934051008 7.10982721253
2.15431134166 10.559109053 21.0127375639
-5.95034290282 11.7628678129 21.1226705172
-44.1889683189 -44.5439227106 -0.951499427103
-11.1337631841 -41.4462169194 2.69251677694
-28.1108098227 21.3178869264 2.69060818324
5.16883819553 12.9708077507 17.8525859225
8.89269148819 -27.2982629773 5.68866760298
-16.1952566751 -25.2024651134 7.40210038355
-48.9838947388 2.9414808262 1.34921168392
-36.3535400914 8.71118599699 8.56312051313
49.9067124164 -11.0453290524 2.26621925024
30.1884013722 -1.38054152307 14.0715829323
-29.4801556897 44.4600691268 0.270915029196
-4.17872265698 14.6339812564 14.6908358549
3.2725195825 -26.906425379 6.61662841333
-10.785091914 -43.13561929 -0.234419572912
25.6670091309 -43.3326619463 2.84307829737
1.30511808869 -3.19521576035 25.6203989521
-38.6297628177 14.2165998524 8.63232619137
-30.4712748902 -5.40214018848 9.85147203868
32.9117784068 25.6636258116 0.480459796744
40.9448925205 4.38493803636 9.20325218129
1.55006862635 3.06539886163 24.6805060366
32.5602087246 42.1547098614 -2.51591677991
-8.65952861417 -33.764183798 3.35796570362
40.5844365971 45.1002493779 -0.443814878917
-2.02429064833 -2.47069619202 26.1145269545
-21.0772086105 40.5335867002 0.258628989324
16.4675944861 7.82536659931 22.94636808
10.0745459232 28.1491331052 6.59548546227
27.6923939894 -7.90488252463 10.3151005864
-35.2412572759 35.7192350354 1.49701074762
-21.4372015202 -8.71202361083 12.0773438436
49.4856035095 -47.7242095235 -0.213980230647
28.6407133968 25.4713918252 4.72327022124
42.9216180663 0.256954059025 6.08476234146
26.2715497757 -20.2567148856 7.05350241219
47.5451684706 5.00564349117 4.77237273269
26.6104575117 11.1593100417 9.64899408338
-12.1213841202 -11.930358267 17.1837848485
34.8667976508 49.6390242102 -0.603594045243
42.7333171025 43.4831943678 -0.890621956049
-10.1141100497 10.2421352026 18.749266239
-14.5849227823 25.5690948665 2.96588348009
-1.3950662357 -29.6913198206 4.54418133318
-39.961537914 -12.0641507369 7.61540115119
47.4399887596 28.6159890276 2.60806037876
-6.26615163745 -3.13033614554 24.7650978424
20.6577965245 -26.0470028726 1.67295933409
-2.34390625423 36.0812943145 2.06370261345
7.20031725076 19.6826545946 12.2563104418
-39.3894108582 12.6312400095 5.12963831404
-29.6696813817 7.84744695767 11.379499357
-33.4689588902 -8.0921788876 8.67351630419
-25.2763722341 -34.5088443381 2.55876232455
22.0494404197 15.9134822429 7.47925249563
-37.3657965538 49.6488541775 0.487543822476
-43.9578242893 24.859741766 1.51463851934
21.4143145719 -2.38286392131 18.2721076414
34.5103899769 -46.3814374303 3.11797148009
32.2386815697 -30.3816985697 0.303451148942
41.305879548 -22.6638899263 3.21822937696
-15.6498066741 -11.7441116868 16.6853967533
-20.4317424477 -13.2200427939 11.4039980403
5.92601147764 1.51068105424 23.0046754262
-8.33279880885 40.2524329665 0.262927908682
-28.7153877687 8.15820125733 10.7178268645
18.5379905829 -9.44284755629 15.182903634
-8.15168005621 -5.31488607437 26.2221871634
44.8736615725 -45.965928561 3.57517585962
3.58384468583 0.13028832263 21.7392966606
-10.9943429604 4.97449826195 23.540268645
-31.2484918356 -17.6644744107 5.72095983628
17.718968949 19.1888006902 10.5664177101
45.0019297232 -22.5788146412 0.421965484846
39.4061669678 -5.11496978979 7.41621764624
-32.6467966305 -14.0386013435 5.80039071918
1.15465641992 37.9703778293 0.291678003937
48.6784785136 -28.0326568491 -0.0871370495202
48.9601439096 35.3305594669 -0.300219583806
27.6366280407 43.8309877666 -1.41451572999
11.9810015897 -8.95365250901 17.7192918917
-6.89815720224 21.3943176802 7.21348829235
-28.1570074276 -12.0285557304 11.3183002516
-6.10339075138 30.9135410545 1.79469369878
-40.6850305314 -39.4294019365 -0.698254956677
43.9064973673 35.0895114203 1.31437400154
-43.3326607327 35.8710776675 1.65694812386
29.7952643821 32.87996702 0.532135735527
-35.2897681639 -31.3264392323 2.50662533314
3.0735087077 3.69308052581 23.7176650136
-42.8637735112 -17.5026308828 1.46070471605
2.11304651776 -6.91985780299 19.9093682283
-15.3754558948 44.5209575955 -0.588700963973
32.2503448167 20.0661234002 2.4632429183
45.43447623 -7.63646974748 1.34694429973
-0.705902879722 -28.0079455779 8.50452889857
24.0552272711 -35.706236044 1.72999271811
-41.3154981176 -14.7967341176 6.03838444281
8.1366012516 27.7691927322 6.19314074423
0.913888195001 4.73468333483 23.5798161872
-0.298494547358 -15.0032994285 15.0910140468
47.6003634462 35.5248454729 0.728351367569
-25.3838781911 -29.8929869351 6.01401490378
-23.9248236718 33.7683560683 3.69147763522
7.03489061115 23.5809612779 2.85408404731
-28.2504860727 -46.8412679435 -1.23342729855
45.592895392 42.832180355 1.72277950648
45.5285950904 13.0586995525 5.37305727436
16.297731391 -27.9473787831 3.11003588692
-37.1641303265 -29.8601382314 0.0919268844533
-14.2163680042 40.2176879091 -3.39651336054
-15.0483298249 -7.01874596127 15.9262507842
26.0196300357 33.1862287804 3.41268009962
-10.2528673716 26.9822413926 5.65268689057
10.0650422495 -24.2073072875 7.4646258152
3.27902909612 -34.8632722169 4.77093256751
-23.2033506467 -41.6375283823 0.260588848124
-39.5159349861 -18.8788287691 2.84640695381
-16.017202549 -32.0668507253 2.07930226495
-35.7273061839 22.4219874827 -1.19215416761
-14.659721567 36.2986933098 -1.5495188483
-22.193726012 47.0523308608 -1.96042439072
12.240974786 -28.9443463951 3.18633237902
-12.9513470611 -17.2472636145 13.8427273718
-9.7831898357 -31.4228287561 4.42918491982
33.7571886794 -40.7372484929 -0.804493504467
30.8798279987 -33.4040537896 -0.670618025466
-48.4381010135 -10.531808034 0.597123347203
26.8030081433 7.26879956564 8.68375151795
7.38151273249 40.1007870996 0.770738732778
-48.7137606965 30.1455746796 -1.16036277637
-11.1006759197 -9.59245112883 16.9804306715
43.714432661 5.91298862341 5.13248420599
-39.5432592671 0.00496643388759 7.67220773936
25.8805327618 -42.9697627287 1.90170555561
-31.85057296 48.2174898692 1.91976444725
47.471564479 -34.2658747989 3.06158380164
28.229736885 5.6431085195 16.6111791925
19.389035932 -6.63133749885 19.4645759085
39.2428782625 40.0410756174 -3.23003917187
-38.8628022116 -3.99721586801 5.71704269184
-44.100194415 48.9937428024 -0.874203062772
-36.3292356417 -15.7274477735 6.29761618686
-19.8117139362 4.40428609534 18.1806344964
-11.2681208854 -41.7198053987 1.66409917798
17.6863477702 47.9476793396 0.542526886851
9.87563502431 -1.51768154458 20.9793683067
-9.93403212835 -26.7457312685 3.74637791416
10.1957034344 38.2580055784 2.39856279866
4.37053084818 -47.080643172 -1.04396982321
-21.0604413034 -44.4787750867 2.3016697847
-3.5837598888 39.6255071982 3.2442510307
14.2650399892 -9.08365316579 17.1739472433
2.73755963895 -47.422055418 1.03127304772
2.34960306922 -23.12563365 8.81556918534
-34.4944288552 -4.13924871476 6.696651063
17.0464910612 45.266396764 0.969122032737
11.9690450518 -35.6351427843 -2.09060580595
-10.4139236386 2.4819739778 19.6430843555
14.8343483427 0.0705321550966 21.8766371011
-45.9345558223 -35.7713424305 -1.77599893526
45.8516102897 -49.6856058186 -2.12197085105
18.8795535705 -23.8678535916 4.56759720319
44.3831592328 -30.0531313895 -0.0517557102639
-0.610539902257 -1.05784108746 25.727294197
33.2277824807 27.1200861598 3.96695006894
-18.0927470222 -43.6065717386 2.18921938743
-48.6111270638 -11.659910803 3.41122228792
-3.82160066362 -35.9349213232 -0.170224482806
21.6918983413 12.8268066797 9.91597382018
15.3961367266 -23.2994413509 6.70625166756
-35.5267498593 0.935283344657 10.0469670646
21.1294376262 39.8398564317 0.384284413981
-29.6691282264 -45.300132063 3.82279843248
-6.73628730706 -28.1586097828 3.347522264
-16.9187731461 23.1837316632 4.59352314628
-1.20355348642 -48.7680878072 3.92914675247
17.6236466828 12.9464937246 11.0089857203
-3.60826059589 20.6357340199 9.65156336617
3.53823680121 20.0224075461 14.9529569275
41.7970485879 -30.5039193193 2.44020313672
-43.323324974 49.9030281237 0.00465763851403
46.5437255555 -37.438469287 -1.64526717788
-28.3031940666 -21.3207071648 3.38142435253
-36.5178298213 0.699885847199 7.80118388284
24.3798804076 10.4545290944 11.916652226
-19.9593034878 18.4314098547 8.42595787993
25.2027089119 19.4958945099 1.16273999623
-29.5970131674 15.3573263396 7.85845641093
-44.9787131466 4.49360786712 5.16974939111
-30.3841394939 -37.1268479065 1.52177307222
0.115017607775 41.8010356229 2.71782484514
-26.5248332231 1.01645935714 11.7695216629
8.47805428637 -19.9741545571 8.55328675664
-24.6647860866 -20.9475280326 8.7871300369
22.943912229 0.168401186992 18.6547984238
12.1669812847 -33.0772151903 2.20712214652
-40.3558790112 33.3450943931 -0.634943271635
45.7754606068 -48.0256666352 -2.71961101985
-38.8581827179 -6.72347489186 4.70858985666
2.80126449977 40.3474492368 0.808574248251
-27.9117438424 -9.43438190142 13.7475410215
48.4663650449 -45.8948409701 -2.22514169763
23.5700355871 -15.061063146 9.95043144157
12.9844712515 -49.0145610673 -1.46336075566
-25.0866757645 18.7727877455 7.52458984616
47.3946331552 -40.8553083481 -1.03544170732
-18.0650252818 -18.8996224408 5.62669607908
-8.786088209 31.0521624359 -2.00120734496
-26.4569486257 41.3371461356 -0.0514402164149
3.77309691351 45.7926814167 4.90786872259
9.81263634775 -10.8945055935 20.3712237462
45.8934853565 7.46004836504 4.84882824561
40.763492095 -44.082373685 -1.9726386992
-10.0477518005 39.1270422744 -0.29265310391
-43.8568346837 21.0138598237 2.32441544968
-14.0056518268 20.2855504084 8.66866766213
-48.0741647668 -0.356358734599 4.16618936977
-15.1782983405 45.7534285512 1.4547149751
42.5994885811 -2.94795484529 8.39445603099
-20.6087527722 -24.0080462166 2.11018286811
-34.5204324354 -17.684951602 5.22774644261
4.68054841699 -27.4445372649 1.36808674133
-17.631380739 36.9800798837 3.29606307818
-11.4384917474 -39.3030925177 3.09247290423
-45.6012478959 -12.2289842213 3.11704387478
24.2971106612 -34.5300776389 5.00258551726
-9.59496666872 35.8858784258 -0.994876631496
-11.4825812091 16.4659880054 9.41861671196
-18.1280339929 -21.1285963294 6.65223047867
17.0315981721 -21.2532434052 6.68508705116
39.091674677 -20.873195137 -2.38687044826
42.9714631075 5.82530338204 4.76455521312
-6.6763083838 -47.4425525865 0.606970801865
15.3549832386 -49.3424876002 1.01907876468
-28.3023186517 14.1814801691 9.56183779813
41.224847545 47.1665034445 2.08635111413
0.412213120246 39.7522969692 -3.93626766889
-13.0010336553 -21.7226740048 3.68323565801
-16.3196935218 -16.865260818 9.84344463696
27.3537985741 10.330233068 10.3630144572
-44.3422615052 9.61978606476 4.95194020065
-41.0471528442 47.9942660612 0.81956909662
25.924917929 49.2251917391 3.55428621443
-4.86681020274 35.7882275459 2.34188305969
-24.5114536773 -16.64063738 10.0926042033
16.5387651979 13.6138281457 10.7786291093
16.2330341109 23.1993507383 5.79511385568
-35.1352384853 38.6182934067 -2.76312746382
45.154191946 6.06704882352 3.033031449
18.5312437353 -23.0805925933 4.87771569471
49.5104827252 47.2870657896 -1.08146118692
29.7706316679 -1.45227114758 11.997277404
48.5971485603 22.2643560201 3.54263667197
14.9518652212 -31.7243812293 -2.60851249624
6.59422229819 -31.2517990988 3.71144298152
-21.6119750093 30.4736209231 -1.66629772083
26.8231679359 49.0130902591 0.816702936073
24.4084671701 -23.6885491866 5.39368749939
-21.1532209834 -32.6869932655 -1.85420181327
-8.70799998358 46.8140045013 0.564654619057
42.161122531 5.29001325843 7.24451052029
45.6469712538 -20.7197689223 -1.25624431242
15.0114926818 -24.2116875952 6.8587731795
-41.4358699872 -18.5456116874 3.26924824452
-35.8397174828 26.3339107216 6.79368504984
33.8085331509 9.33028676564 6.11155012301
1.53888215277 3.91605974037 22.2390570394
-14.9456606281 -41.521048621 0.448876071319
28.2557640907 36.4318087703 1.37675002362
-8.35410767376 -16.4058329107 13.635255913
-18.5584476512 -30.2863688924 -0.630594070914
23.8504642172 30.9147553821 0.025441335055
-11.1305709124 -38.0639528291 -1.826024962
-19.8629068752 20.3932787135 3.52566857789
-40.7278768127 32.5154760768 2.69416740499
-49.6361140473 45.6195076514 -1.24323022161
-37.013284087 -5.9138267463 10.0676738431
26.7839627535 -28.8953771956 4.38719051403
34.9255523387 24.9906666633 4.60152277649
42.8513939878 -49.6402053804 1.0917394078
35.9233165196 30.0782052244 2.62293383102
-2.29585613161 -0.728104941589 26.3785249316
-49.7949865177 -39.8900404996 -0.451401394016
-43.1113044277 37.7658780183 -1.41606826534
-46.9561323308 4.19754493559 4.01348828609
-3.88430669342 -9.19885517958 18.0783054213
-35.7391248513 -39.063135314 -0.224786635337
-42.1694349375 8.30886428156 3.42110796285
-29.6954243202 46.8846035664 2.21371540482
25.9128288083 -0.219770790127 11.2898288706
23.4373603554 22.0924541042 7.15932971637
11.0322879207 15.2756042303 16.8924085987
-19.2690515392 -44.1061278273 -1.39378317674
30.9782064614 43.8765966526 1.34683644589
31.7357089227 -17.4036725121 8.05378750433
35.660695807 -34.6549553471 1.34073729298
-14.6300453545 -13.1672526885 13.0565686909
12.7491539561 -30.3472167971 3.47124133892
48.1411123829 -7.19569698479 1.8062365709
29.0400886001 -37.4285288981 -0.685371800355
-48.7056266863 18.3707767272 6.01659049295
37.8085782702 -30.3767271916 -0.642568458056
30.5461874286 -35.1501504103 3.94898998393
39.123353572 16.7889709383 3.79009972644
37.2091632379 -14.5401863829 3.94049079814
-8.46850136716 -32.0919786429 1.34731664109
-12.0841730219 -12.3144872213 16.9603540815
48.9414794038 41.1172474865 -1.37455951752
-30.3305070633 -8.62445080949 10.8044288844
-19.9820971142 -7.31586561565 18.032268383
41.9817080571 -41.9879484189 0.517772778039
3.90564481599 -49.5515876526 0.242565220713
-18.1663650735 30.0825263793 5.06923261756
-6.53423471603 -44.0093538761 -0.790789090615
21.2980524429 -46.8279645349 -4.62460247741
-17.0762711971 -36.747488139 -3.64544353135
41.8901626353 -6.37575603914 7.69497922512
-42.3165612162 -16.0595086454 3.37321257844
-46.0152996863 -5.0536898007 6.2884669954
15.0072084661 -40.6941021896 1.77899063084
47.3128370901 -39.9218190397 3.42373610347
36.2150301786 9.86545023728 10.2708205218
20.7511488192 -21.4150380131 6.92408492274
41.2756513918 31.7674402009 2.0089005709
-31.4249538581 -44.7004790205 2.07967670058
-3.12156952441 4.61200179176 24.836169579
37.142246755 18.4217844825 1.81527699854
-37.3473962913 -29.5990037208 1.88931456317
29.5572398103 5.59476113015 9.55767298137
-27.1968344885 -3.48147524125 12.1545784769
11.6089073115 3.37928982658 21.4651298759
13.486231463 7.69413443399 20.5467426282
-13.0738626964 -38.4164257744 -4.9651886962
-31.6250106997 -10.5370682598 7.75282279589
-9.61283589639 -25.04334425 10.0068624409
-45.5609509966 -9.37581473656 4.12586332066
4.97530761909 -1.36928345849 24.4985878419
27.2089635642 16.0769144468 8.43469048354
-31.9615450219 -31.7355850653 0.688174903863
41.8570701579 -43.9919044404 -2.07992584621
44.6796645555 37.4780876572 -0.32438520988
25.224910795 -44.7574346958 2.45152054846
-26.981470072 44.9308994182 -0.189703625662
-39.8199656868 37.0015688383 -2.06474909991
-21.8739356976 -12.7217352987 13.2515218611
-3.60692520468 -6.97695602829 23.671604828
-49.4751758156 45.2191482006 1.16568759094
30.5832567703 33.3604485717 3.78598993955
0.303027290518 45.0617496073 0.37849597721
38.8276373287 33.955803715 -2.14027003664
-32.6217837877 -5.61429802942 10.2624927211
18.8640751414 20.0621149995 10.2126276406
-41.8541883704 6.12376610199 8.00118407488
-25.4375887181 22.6180060299 4.65979368169
-35.8539268779 -19.3990132701 3.06185663209
1.99091402237 9.97474708428 20.4580731818
15.4325511644 -15.0476767731 14.3062096463
12.4902776893 -39.672019989 0.431416738322
-12.0831311317 -40.4921724822 1.92122268281
3.11669844903 -48.6649099485 -1.38008023584
19.6820342449 -6.49006970206 15.598948203
-17.5186339155 -13.9998223067 11.3911930218
-7.3083980945 7.11601469567 20.9056173638
-45.428295344 -12.6533097972 3.26202504007
-15.1733730763 22.0327511665 6.32307345227
2.81826511818 -0.497966324381 26.4529465253
-27.8020979683 11.0912443423 7.26949737878
-45.9632226497 22.8050387295 1.65800666094
42.2955217852 -16.6783475916 2.30103927229
-19.0649688005 -23.4237610626 7.20433144197
35.137880844 22.8295706143 -0.736866766804
30.8997034972 1.44759566083 11.0435166384
31.0430802132 -3.10683935498 11.8187314817
-6.51454634929 -48.8702396388 -0.48605364992
23.7327481605 -19.3161942536 10.06817769
14.1761270824 38.7331696834 2.03769273762
-31.7564263633 -18.052121316 5.45278673081
9.44486082309 37.7217288544 0.641133791063
34.2027253588 -5.55780261231 8.77158608766
17.21355587 -8.04976424831 20.4069958865
48.7229473773 -21.8099355461 2.28389282458
22.6482806244 -13.5940408604 13.6026381837
14.4459964223 -35.1747139499 1.05067127472
21.8192214028 3.28442734823 14.0026116675
-8.4867693126 -38.4454024422 0.98290223056
-30.2258731455 25.1258994834 2.58411148632
-30.0523835589 43.4408600622 2.63951249824
-47.4779883667 38.1347046007 1.02195939149
7.33591070656 27.5622411969 4.36080310709
15.4896659648 -32.2523652209 4.42813346874
0.912597999256 -35.01289354 1.41857430712
-42.3499584693 37.438730306 -2.08833637435
-10.1182683278 -37.6484453778 2.72814350357
48.2105333945 -24.1048021669 1.29261964762
6.64561820622 -28.8157652569 3.33423218674
46.298553141 24.8931663643 -2.87540104248
11.335181748 28.0681018461 2.67291709046
-25.495594089 11.56850394 6.54827672185
-33.9311949792 -12.6417735471 7.25891772667
1.76150466149 47.1070711307 1.10183287068
11.3861695345 16.6497673726 9.49330677185
-34.052882086 35.3401236284 0.817661141893
-47.379693746 7.4965248838 5.77718320144
-22.6978955543 -4.03279384235 17.4627816555
-46.2499603486 -20.9699559483 2.49397949372
-1.76470542336 -24.5368635192 8.23097057056
-0.200314221346 26.7138012164 9.67683028995
7.73818789292 -19.2818451539 9.82890707605
17.9754239759 -8.09734850679 19.0029559907
36.4927521589 -26.0404601107 -0.0801034671278
7.85212171814 4.83376975635 24.4076607765
-1.76851637089 -9.85683280675 21.67738287
27.2700434232 -28.2931936703 4.77855198799
41.6786199487 -8.5859505786 4.38503784016
12.5444652145 -12.6234023301 12.9366626585
30.6046118008 38.6101769737 2.02714485637
-34.217616146 49.8242823093 3.87185801934
-31.8040656667 -40.6049857572 -3.33909357642
-34.3571894444 -34.8732849783 0.893029067897