0.0 2.90525996294 10.0
1.0101010101 10.9713440618 10.0
2.0202020202 2.10099585431 10.0
3.0303030303 4.21263657617 10.0
4.0404040404 15.4209980322 10.0
5.05050505051 -3.14344493209 10.0
6.06060606061 5.89063759466 10.0
7.07070707071 21.2799686513 10.0
8.08080808081 -2.23567327852 10.0
9.09090909091 5.51336052016 10.0
10.101010101 -0.776984735745 10.0
11.1111111111 2.54614742768 10.0
12.1212121212 -1.76064130533 10.0
13.1313131313 10.2173681398 10.0
14.1414141414 -0.490233985566 10.0
15.1515151515 10.4214159975 10.0
16.1616161616 0.703009669904 10.0
17.1717171717 -6.28478764457 10.0
18.1818181818 -14.7179375158 10.0
19.1919191919 -6.83510087192 10.0
20.202020202 -8.20800218014 10.0
21.2121212121 -25.6709986215 10.0
22.2222222222 0.254372725796 10.0
23.2323232323 -19.7008173674 10.0
24.2424242424 -8.19737508783 10.0
25.2525252525 -21.9285502761 10.0
26.2626262626 -10.9151416435 10.0
27.2727272727 -17.321252966 10.0
28.2828282828 -28.0015095294 10.0
29.2929292929 -20.2748122424 10.0
30.303030303 -14.9961197119 10.0
31.3131313131 -8.62599866686 10.0
32.3232323232 10.7224566504 10.0
33.3333333333 -17.7839823522 10.0
34.3434343434 -19.8634641412 10.0
35.3535353535 -16.1581695496 10.0
36.3636363636 -25.2987446329 10.0
37.3737373737 -16.5185963709 10.0
38.3838383838 -16.1157743575 10.0
39.3939393939 -24.1988245504 10.0
40.404040404 -5.60439355609 10.0
41.4141414141 -19.5363379411 10.0
42.4242424242 -12.2235324964 10.0
43.4343434343 -13.9936952978 10.0
44.4444444444 -18.8454324762 10.0
45.4545454545 -4.82720685951 10.0
46.4646464646 -35.3395538524 10.0
47.4747474747 -9.18947863485 10.0
48.4848484848 -18.5325068268 10.0
49.4949494949 -5.03611711992 10.0
50.5050505051 -8.96415447912 10.0
51.5151515152 -34.1754180595 10.0
52.5252525253 -9.05442910672 10.0
53.5353535354 -16.1780819693 10.0
54.5454545455 -32.4473191841 10.0
55.5555555556 -35.6535184847 10.0
56.5656565657 -15.5442533404 10.0
57.5757575758 -17.6981294589 10.0
58.5858585859 -8.4271774023 10.0
59.595959596 -18.854752642 10.0
60.6060606061 -14.5045735576 10.0
61.6161616162 -5.49264526089 10.0
62.6262626263 -11.7649623937 10.0
63.6363636364 -25.6377135441 10.0
64.6464646465 1.8320723816 10.0
65.6565656566 -16.38170791 10.0
66.6666666667 -16.5592536298 10.0
67.6767676768 -9.03107704705 10.0
68.6868686869 -9.69288763939 10.0
69.696969697 -37.3328200542 10.0
70.7070707071 -14.8428190342 10.0
71.7171717172 -2.76902887474 10.0
72.7272727273 -14.4476720265 10.0
73.7373737374 -9.9155566996 10.0
74.7474747475 -8.06091388129 10.0
75.7575757576 -19.3169200401 10.0
76.7676767677 13.3694401806 10.0
77.7777777778 5.93230918013 10.0
78.7878787879 9.95893822745 10.0
79.797979798 8.2203664804 10.0
80.8080808081 0.358538629505 10.0
81.8181818182 14.5298929309 10.0
82.8282828283 10.9471616023 10.0
83.8383838384 11.0126976074 10.0
84.8484848485 5.62804459725 10.0
85.8585858586 14.0228126889 10.0
86.8686868687 25.5225491396 10.0
87.8787878788 19.3173042683 10.0
88.8888888889 21.541654767 10.0
89.898989899 18.6126311552 10.0
90.9090909091 29.1575228384 10.0
91.9191919192 34.7014469807 10.0
92.9292929293 19.708283598 10.0
93.9393939394 26.7746053648 10.0
94.9494949495 49.8669939052 10.0
95.9595959596 40.5683416323 10.0
96.9696969697 34.280499795 10.0
97.9797979798 40.7601599513 10.0
98.9898989899 40.0475999352 10.0
100.0 72.2688728205 10.0