-21.7904471359 6.55315950862 22.4026817277
2.9366500317 25.5369314907 4.20139858116
-42.69848611 6.78667829459 3.39220614953
-20.8301516395 -13.5832931133 24.7616838569
45.3315946871 -8.14158722742 -3.36280347038
-28.7637165945 42.0721841637 -1.71451660396
29.7396578642 23.8977850486 -2.37565187284
38.3659824745 10.4081681178 0.728698604967
-17.6925028947 -15.7301209538 28.7055701971
15.1887308231 33.189372534 0.0693259156825
47.300881373 -13.6858510527 0.431705647574
16.0633494504 -42.1971911591 0.833832934136
-16.515924019 3.68030574196 27.5651696761
49.4779308643 47.2507429672 1.04113735983
-37.514068114 17.7962754671 0.253514318782
24.4788746847 -3.07101718407 25.7474112545
4.06625594567 -38.9320820206 3.64898684977
-39.5446798565 27.8274911974 0.908302652273
-1.72754438411 35.6944573199 3.46297042531
-16.9555788631 -11.8535101844 29.3066983729
11.1601269094 -44.5844195434 -0.918254394983
-45.5347835497 11.4006527453 0.492474949088
-45.2597691327 33.4681820032 -0.26770041518
-0.484933639323 -16.6193987297 25.463527915
-7.89936262018 -7.58049727187 22.9263455765
-36.1075498283 -13.8990447645 0.334574405262
14.3359601086 -3.46038235848 23.8989250062
7.84001315751 -33.1367101078 -1.4432046547
13.1826880483 35.4121302747 0.147467490299
-46.7697404771 26.7273469633 -1.79301189573
-7.93932887435 -42.9739470775 -1.62700563231
9.83167952221 35.7454820488 -0.839051345045
4.15413007824 -28.4680088502 -5.77938063667
-48.5197576781 -22.3408409571 0.394583973897
30.0727958321 -23.092092951 -0.0367051838751
-0.471858866087 30.0159033636 -2.99031941457
17.9989849905 41.6292117204 1.4508850575
45.9367867906 16.8486096733 -1.07279112191
-42.0952184771 -33.2693025256 -1.03948571188
1.65666507233 27.8425804528 -4.15954939163
-30.1842828876 30.1410170736 0.154025789951
32.8673299527 30.1838265217 1.81286924536
13.5798181913 8.49798203106 26.1046236797
11.7829446352 11.5125474905 29.4061455539
-40.8052927659 15.1392988778 0.449062175193
26.7323074473 -24.1956166392 -1.10828217097
29.5540743786 5.37065516062 -0.656130056979
-25.0892840562 -13.093767058 0.775536823156
-32.2077279218 -42.1380843368 1.1299528507
-12.3645045173 -32.4108122913 -1.03438479329
26.043488555 -25.3612820121 4.30087158697
9.86538452806 27.0540289194 2.33902666934
-34.8857526792 -18.9102588298 3.05821593548
36.4965508894 -20.2830122997 -1.06125938315
13.9512055136 27.9355156243 1.91290430776
-46.3756532032 15.7554035832 -0.25315170379
4.70541268331 -17.0569975314 23.4096538699
29.7232563246 -39.3207231549 -1.24120804936
-2.95418532734 37.5446928928 -0.843830780567
-45.2251355303 6.15787965495 -0.421899548758
-21.641801113 33.6421630678 1.09217793228
5.54651984645 48.5798685336 -2.67918023529
-21.637539637 -2.42466473306 24.0183542937
-30.4912603531 15.6081497144 -0.538440799173
2.20172687553 -11.9569612638 25.2687428224
-10.6203213674 -0.860660197862 24.7778689507
6.67185677203 33.4762241861 -0.603312256879
18.3436435633 48.8780669954 -0.955861508185
18.9133666729 35.4954906555 -1.36990591307
-34.4479705812 47.7857870854 0.303093696682
-11.0046133485 0.9199621916 25.7192408494
36.9667021428 19.2074762252 0.00340308026015
-19.0898673049 -2.99947920598 25.3927566701
-7.52680241553 34.8953107708 2.95160165389
-49.6070634849 16.3979398242 2.58304840193
22.9940809832 -30.9314805997 1.41916538873
17.4127847641 -12.257342543 26.8099667126
-38.7253276146 -3.52455155468 2.53778812493
-26.8020081424 20.1530594089 -0.571318698179
1.28333916799 -10.4004281031 26.4252274446
-46.3478750883 24.0051360386 -1.16046181504
31.7685289583 28.5841312682 -0.46181599496
-2.14557787884 32.4961193101 -0.204702763311
26.6582611924 -2.89681937416 2.54609710506
34.2795238304 5.84316557037 -2.96416532821
23.4715953905 -2.59892601473 24.7102507908
-18.2004923159 -18.6591266192 23.7029861636
-42.9025136414 24.3555686232 3.17890537526
-30.5754803632 -4.14058199695 -0.805876693551
-42.002244321 48.2945514907 -1.50895475816
-0.117914354829 -4.33273090827 24.1837794306
42.189171293 31.6555701176 -0.97022522382
14.713644757 49.5644057273 -1.45772623403
26.8634097979 36.9076814621 0.289972817473
48.3687639702 27.7357695502 -0.180601837336
-14.4728220141 -2.14095050044 24.2642234487
-37.1870787807 21.6205091173 -3.34554080148
-8.7613167696 33.1629706124 -0.238235630493
-40.2858564396 23.6509797908 -0.739860169752
20.6304311923 8.86580586241 24.4956051331
-22.6008014522 3.43371830358 26.3775878304
-4.53919676585 -23.5223656556 22.0668002625
-37.4243049189 6.5944722547 -2.41397463491
-10.1349635076 17.6814607025 26.9284793013
11.3557981027 -39.7313589778 0.201643069888
22.5484135585 27.8639940367 1.47443943018
49.4297252685 -4.2552038336 1.79280093865
38.6855885727 -4.3900973391 2.69155723707
45.0951718131 -49.5570067052 0.0367239342644
49.9552870447 27.6134744582 -0.268573917533
-18.250786784 -32.4916504099 3.39813368751
-20.736385248 -14.0885630093 25.1779781239
-5.52862217603 -21.6522019189 23.6897057005
-6.03998099722 24.9152875709 24.2144171222
-44.221470247 -34.7092712196 -0.960513615799
-8.54115365049 -27.5553877493 0.695592044209
-30.6876130201 31.3374222629 -4.26913267794
5.8134836137 16.6926917544 22.4254504486
36.7391401303 11.4046987185 -0.522663461914
36.8337207714 17.0532446875 0.321338400079
-6.95360226583 30.2164302733 0.566104653905
-10.9898495377 23.4006340432 20.1932373282
13.4634121045 26.181044858 0.377452577117
4.82252453986 -48.2420034976 -4.82706422974
-17.5229070354 39.8427475249 -0.60897739415
-21.61912777 32.5655685265 -0.103543848092
33.4791631534 -44.4015330709 1.39525765858
-27.8039182061 0.0997507933318 2.2355693066
47.9253861649 43.5017372154 2.68152637646
-1.89129934114 6.6072457548 22.2797384219
-36.4348327994 -29.7411928157 -1.0434131497
11.4810708537 11.6502400708 25.2159813964
45.8824566584 44.5222744703 -1.0210596708
-48.3082176265 6.78226303747 -0.699291434037
38.0005812334 -4.48233881347 0.654416733377
17.6070056056 -8.99984290158 23.451096066
6.7794749442 0.103469999699 28.7025050895
-17.1810797336 -22.9612824423 24.5542132509
-38.812270111 -32.04843138 1.78125518567
-30.9942340204 -16.4572618532 -0.686262566302
-18.7174900452 9.22257168584 23.3834972765
-2.85271826769 44.8629804854 3.47646669754
31.8401451977 44.0922830441 0.4160590549
19.0849033001 7.90362600331 26.0724584838
27.9975798373 -5.48376029645 -0.757197320902
13.8698172129 -12.9920752829 26.5398538477
12.2827461214 -7.21168293233 24.9654790284
14.0070088731 31.5520963886 3.7326445622
-18.6645988081 -23.7527783818 27.7164457989
-21.5397367391 16.4530608535 27.0022463222
12.2388685302 -18.7321699721 26.1472938627
38.6730579507 -36.6544033247 -0.491035842184
-46.0597010727 -33.6162329485 -0.801263541906
11.8002689931 -4.49513671003 26.1777978883
-48.5520209146 -12.6145462537 -2.85190689376
27.8342797581 18.6301828205 0.0842988242042
-18.8527419272 44.4834551812 -0.433015855194
-33.6555711461 7.89775274948 -0.621527075563
-32.2534117923 19.1089270727 -1.22248101226
-40.4251173857 10.5942773598 0.960194702541
5.32964746954 -21.5457493936 26.4192004489
-37.9862484252 7.83018989672 0.0796082112264
-39.7236959945 0.929628670872 -2.359521221
-38.8338022196 44.8647959848 0.571073637046
-36.5643049412 23.3649049781 -4.04279945681
-48.6979497091 -8.63404595432 1.33006964292
-6.97317576619 -30.2561242553 2.98195882919
-1.47388386108 1.32938790636 25.8037272214
-30.9605318967 33.8685392461 -1.09160319027
21.7411430158 31.7287753755 3.9642774208
-24.2099329608 7.59699210068 23.3956221844
-18.3853416565 49.657679394 2.77089798883
-39.2655687628 20.2936188829 -1.08189712743
30.2758329118 9.72624412794 -0.679286716933
41.4925551039 39.4444636562 -2.21771447111
35.9607958873 11.8568761069 -0.414285438007
18.1951021785 5.06872964365 26.4259647925
20.5857477724 -5.14420405064 29.3562042999
23.2967120963 49.6975775219 0.479629545148
16.5699364664 -41.8165237307 -1.94878381756
28.4833886789 20.3958665349 2.7395765944
14.5275707775 -25.5650044973 -1.25821340418
18.6706940843 -47.53132294 1.65710017301
-16.1050946175 22.660444809 21.0957899
16.0662065023 23.3396133351 25.6847898787
-9.54896443152 36.9246241326 0.822613551344
-17.8444666208 -48.6849175112 -2.77459998662
-34.7430090839 47.7726094305 -0.962144435812
36.7310284294 -47.2795503183 -2.19637887133
43.5475952063 14.1605734025 0.43935251917
37.3148127141 -16.26536189 -3.34757019474
24.4102041775 -47.6319053043 -1.03618425332
-2.72585875497 -34.4343548224 -4.06345082486
45.1160391392 -19.8895067892 -2.37867619763
38.3161498092 -48.650485955 -0.547469137745
7.84275462473 -9.16199148868 24.1122708217
-29.6393775084 21.1971098953 -2.71794191215
-1.19783076225 -29.7334196169 2.48547695158
-29.1328350916 -12.6752795861 1.65345308898
-0.697007444418 -26.4335107781 5.05916179326
-24.9213826737 -41.8115045081 -2.98044869583
-27.4739956271 -29.1023392368 -1.28836258821
-35.9713133711 -12.5585871008 2.24116027933
-28.7283119837 -7.7060888865 1.70186022562
-13.3987192654 26.3837734206 2.78903232327
-24.779107505 1.5449393889 25.8740720938
26.1023164765 3.41100271341 0.135549013721
23.7247588909 -48.4832599572 -1.32645653561
26.6415326747 -29.9000439616 1.63849690638
3.90595167122 -11.950098054 25.726957211
-46.2037151006 -45.2331470571 2.80053822741
44.2463675162 36.1101922015 1.41620485635
19.371209889 38.2677561278 -0.0774233894151
3.28609796805 25.6328348038 0.363446016507
-29.8360917336 47.2363587422 -1.88117992665
25.6631949681 28.6535376944 -3.10041420487
35.0618155337 -14.7571643496 -2.79401367467
-25.9889060597 2.27317475437 2.83924587601
16.414688627 -31.065454894 -2.97073425718
46.9691682801 -49.3720061836 -1.57316714113
-34.0819442012 -10.9977202385 -0.993346039867
-10.6014939422 19.1611066623 23.494034047
8.89894613806 -14.4246974176 22.7152899586
-8.90401319091 -45.306991697 1.49855261959
12.0825693122 15.2643187969 24.6909952683
0.99137048532 -22.9453491091 29.3968738612
-21.6333258396 -42.5428277651 -4.44848344853
30.4132452489 16.1552093022 1.75415642649
13.0275574386 47.1068494436 -1.3701455752
-23.6628567771 24.8811794617 24.7475428974
-34.2738271335 16.7676401712 0.0261724292464
43.5850269202 10.8292485512 2.95678551168
49.4416743912 -49.8696484693 1.23144316381
-13.9408941511 48.1585345525 0.0319808560225
-38.6928828669 -49.2875295332 -1.34694763487
-49.2641529515 4.52589360957 -2.37932164281
-46.5446376014 -23.5752521513 5.72536947025
29.3936555699 -14.4159845857 -0.519331579488
38.1822835728 -12.1450343714 -1.25321329513
48.2782320016 -16.0564468559 -2.48052907039
10.7377869621 -15.442399497 26.1957022345
38.1599429702 4.40086587225 0.76420517339
-29.1298457495 -7.27360815542 1.23306772343
17.8891841787 -13.9048785625 23.1639492439
-45.6709320927 -30.4105770374 -2.07625469656
-5.37145101674 -21.7379302047 22.1970013175
-11.2001141458 -45.2701881156 1.38717555207
-13.1050033017 8.20927943269 22.0055091164
-18.2719236026 5.78230950943 27.7261534083
-45.7451430796 29.6731823662 -1.00199693946
-15.7634638795 -33.6497716709 -2.53961969657
36.5011927519 -41.7066939649 4.81627495985
-22.7547047635 44.5851510962 2.17674772355
-49.9694985275 -29.3457425011 -0.271775956924
8.81130190092 -41.4691153567 1.4750004793
44.2129679273 -10.3005377912 -0.855383766851
42.4056420729 -3.69939298681 4.22716877656
-39.772754801 -47.0672358412 1.65368617586
-43.1615987416 -25.8438648749 1.3995852184
13.1158855274 -40.2602522989 -0.928100636538
25.8307843698 28.759070308 0.00338610157744
-8.42583297645 -31.550640003 1.41834765796
-0.565712627868 22.8612287614 25.7017771585
-40.4163411213 -47.4927541759 -0.854018380257
-29.0120240118 17.910297986 -3.15352919943
34.3228193917 38.58364824 -1.48491342245
-6.85827020282 10.6090510002 22.9963078331
-34.7456432047 -8.34144429102 2.93110274978
46.8428570704 -27.4974496057 1.67779173091
-14.9621261841 -2.5063838093 23.9919410777
-40.6506532307 -28.6169617353 1.44867023656
43.8946196521 -22.6472532572 0.0295522724758
-43.1317589281 22.1571664272 0.300668146542
-3.88229941626 -25.7859711574 -1.79821666138
-41.383621965 24.2290561001 -3.60133435777
21.3607188638 2.95084365559 26.5151388972
37.6323303127 39.9367131434 -2.32828061977
-2.85079665671 -38.635502802 -0.468157181355
-42.4020892019 31.9578896969 -2.93180024805
12.2985993707 41.9840188101 2.0814846085
2.17862612197 -13.655419465 24.0541245907
-49.1372267507 -37.4051337781 -1.32584637797
-5.17931288806 -47.5908060809 1.31739754112
-27.519677209 -26.3435926014 -1.08517311862
2.28432116931 -40.9011505364 -1.34707574656
-31.3519076293 -29.0138014124 0.750926213998
18.4369331149 45.4037378797 -0.522633596737
18.2221901946 24.0562034831 22.4070183728
-40.5468043782 -38.7398554718 2.14293766014
39.7847609194 17.0655462609 -1.35369114877
-2.50995095913 -22.8846060085 25.125868192
-26.2647346308 -9.88722975315 -0.0617314443959
46.7217209049 41.5783385239 -2.78899232522
-33.5120641431 17.3447834772 0.0149153333023
-21.0674045652 -10.0762268844 24.5028767383
43.3185114755 -34.8902706816 0.404079239657
-21.1841685554 -14.2720584202 22.1051588854
-24.9268854671 -37.103825081 -2.19313575716
15.3192091406 30.3670613818 -0.321345781331
3.02367259314 24.2850960883 27.5586236862
-12.572626487 -49.1316019015 1.43055847888
-23.8896008295 -4.98538046306 28.9304072243
-43.3002303395 -14.5219326385 -0.540082094095
44.173739046 -9.73587893106 0.629922010738
33.8673457477 -36.7602611368 1.58020702963
28.6537278057 -5.69475643707 -1.45634529109
-38.7306895558 -12.628301449 -3.56884683499
-20.8032484802 8.88072568822 22.5822230502
37.6572614798 20.5278089453 1.40899320576
-1.58389764581 -6.92472392526 28.6775158927
33.594956464 27.5647976144 -2.43650764704
8.45983699566 -2.39404034176 25.4194098365
49.0224336782 18.0877471841 2.24192117527
35.9768381414 3.87884064989 2.64414238415
8.07867634186 -4.36041782053 25.200417278
17.5370074946 17.2408515075 26.5872979403
29.7738250635 32.9334376078 2.01410041076
-40.9841379475 13.5712914822 -1.62459094714
27.8384304263 -41.7769893598 -0.66096941686
40.2047083963 8.69814822797 0.985931032479
-44.1910678728 -44.7157130656 0.910905772613
44.2494439753 -5.07980220962 0.308905334849
-2.44119292307 -47.2581620669 1.36618492991
19.7775637297 -21.7079711252 28.7808453547
17.1200154786 10.2108894581 23.1755996704
-45.8518298466 27.2080268928 -1.37103588729
-13.2387764726 -4.92666697269 24.5751948102
-15.7618083065 24.4763692534 22.8901540621
39.3315688646 34.0013823148 0.906138969835
-6.02663229135 40.6720886014 0.330373717159
-39.5219239756 1.73330387053 -0.570127373692
-20.9700046177 23.9761321206 24.1890308258
35.9365994181 42.6953236142 1.8728654038
40.489299284 25.9270660729 -1.4878980321
41.6371373307 41.3717184267 1.68057650987
15.3296102113 -27.5697814468 2.96827568394
-39.3289068097 12.3663436206 -2.22229541291
-40.9081599057 3.96008850207 0.0833879465077
9.34835456756 -6.53715942569 26.6232987452
31.6344645095 -6.99371855985 1.19307273325
-11.2787747315 -4.52553303896 28.6422022045
-36.0237779921 -45.1979283876 1.40999609284
-44.1487197568 -36.671067886 -1.75643138917
-48.8566409821 -43.5955546303 0.443837870416
15.5132128349 36.0568336907 1.75373858039
20.5389176502 16.3553742279 26.8242795303
48.4757414384 -40.3486895956 -0.00866475631164
29.615050393 -48.8204891231 2.65862588797
-31.2644280986 30.3743534516 0.415232324532
-3.2921992656 -9.70540397095 28.1690177292
-41.3353946932 43.2950559945 -0.642614976073
33.0246772609 -38.3009379021 -3.88407211931
18.4910636528 32.6972735389 -0.296517275105
-23.2225746803 -5.86844891666 24.2273963953
-31.3522965283 0.0845558785165 -2.20562611748
25.3532099962 -20.1585652098 0.97744410135
8.07544161086 -32.865514996 1.73895659207
46.900284211 31.2941829357 -0.710914753335
-7.63852537328 21.5992947116 25.2097501214
-11.048310595 -24.8580432935 25.6950069469
-24.5310147199 -13.4079937058 25.1108011558
21.1377280224 -12.4065708587 21.8083737196
-37.1754772287 21.3704091022 0.419272638514
-9.84386606074 23.8057572048 25.200464159
25.2133261218 22.9287327038 -3.37458386426
-10.6758635705 6.37371556024 24.530099368
-31.3547765903 40.7090091231 -0.356615047821
-20.9319814414 -19.2662199146 22.3329701726
-36.309492011 -6.18638016592 4.02103846683
8.68830617808 28.615514831 0.482545828398
0.18235277438 44.5150220471 1.15300848387
24.8677863434 24.5294053733 21.9487588781
-48.8420228002 -25.1204932872 -2.85571888526
22.5366778689 -8.88277117859 22.278108513
19.1210556485 -22.8320070609 20.8721456668
-16.3685514119 -4.50220140359 26.8645362576
13.3270032686 34.2843698454 -3.34877607603
43.4732007772 -48.4794482234 -0.2648474157
33.4396198685 -41.9923358186 -0.315389124553
-4.08045713331 -1.46383415577 25.4363678446
46.6730724205 -37.2628209474 4.20799654471
2.90839862249 7.91691293754 21.636801504
19.888870971 -38.1622627069 -0.796140688063
9.92753585356 -32.2958819039 -1.44437410929
6.34606438041 15.7676766989 22.3357367804
18.1399947973 -32.5156699812 0.547916401125
-17.580785163 42.6119043805 -0.0519731960941
4.33006414556 40.8802524851 1.62060982202
-27.3259141244 19.2057371994 0.397324486555
-17.6318473617 2.23598527491 27.4681935608
4.12686274828 23.6695719991 27.9812711714
-1.48984850243 -14.9662496133 25.2256086048
-16.3875424461 -6.33161051486 27.1165966612
33.7574239869 20.0197958759 -0.838614003058
-46.1239167342 41.4753989625 -0.42587909664
45.910597504 38.3657439571 -1.54369349397
-20.0347187584 2.16045499901 29.9335325994
-11.490113457 -25.2920178656 -1.30732349712
-39.7357439669 -46.3704280729 0.142467086805
42.1762066312 -37.6693758207 0.162048503927
-24.3884938859 13.6315853311 28.2802386921
25.2266375541 1.59579057887 0.037952046962
-24.73276235 -27.3564254979 -0.427932493898
29.9093063958 -16.3551228059 -2.34161862142
-48.4204382651 -8.77809886426 -2.94364215152
-1.23837912567 -9.48136719941 24.550907884
0.976610503772 -1.71599323156 25.7832630301
-20.7295139532 -20.4588446065 24.3842735558
34.7116712286 -9.33588322308 -3.28270885814
7.56637872844 -15.297362162 27.1894103313
30.2879815463 15.2926971669 -1.51800017243
17.5973808821 -7.83670411877 23.7088300234
-33.1982516669 21.9057725388 -3.22912668263
28.3270450455 -8.32238114671 1.4013630718
-40.3383072884 -8.46309362377 -1.06296501094
17.0726622093 37.1056281896 3.9250256131
-17.5953440439 -47.3331432339 1.30008341641
-26.3447178755 43.332568788 1.57406516812
45.5181635266 -15.3673111677 2.16042960347
-8.27434689663 27.4335730749 1.16209772431
-42.5990042013 24.6520624052 -3.08811028522
0.252793075283 -20.1254583608 23.1906981114
15.6797940394 -45.1040206494 4.69674506114
-49.5000364336 17.2766746592 -1.49894731987
-34.4876423934 49.5051045662 -0.143797653994
41.9892654423 -49.1338919386 -1.48891750287
0.748091298621 41.8981366001 -1.48365518532
-38.9701881967 -34.3609385956 0.578341053857
27.2684819535 -49.5132116366 -1.58824355154
20.7652662566 -1.68258330044 21.8397770892
0.480551720505 22.7138523492 24.6065116116
-16.7232870849 30.1468035613 0.735205137432
-28.8190979088 -24.844155999 3.02899039232
-33.1793198138 4.52540595555 -0.532513087018
-23.9608852106 21.312199301 22.6618641866
12.6679571504 -41.4799575344 1.04893204929
-15.4529777186 -3.63870070346 22.1137120601
25.9282879171 13.147723942 2.43481158264
18.9544843782 23.5545325038 28.379979487
19.5552486272 -38.8488823557 -1.53483876341
-9.80229535417 11.300800788 25.5162300379
-46.1846232652 -0.0260986917948 1.66684716778
23.6463973391 20.0937037082 22.2330887834
-19.1066773189 -35.4423013843 -0.387786983193
-46.5715751321 22.0187298482 -0.356359536478
-18.3068466892 18.7348970292 23.2309316984
11.8248458219 1.32400250267 26.4385758009
36.2493109389 -32.2880905502 -0.282844514135
49.6711865278 -28.737822208 0.966034913862
7.47645467575 -48.3191813622 1.29887502852
0.853064475786 -10.8096333829 24.0660326849
-4.32449940737 15.3938999685 26.1060343986
46.975068675 -11.4837310072 -0.819684249695
-21.9333317911 -25.8234260206 1.39894587526
24.8431809891 -28.8829319822 -1.44051095068
-10.0691448481 33.171019873 2.9222195661
32.8435441964 11.7290177171 -1.23371371702
-30.9900534684 -41.6989452084 4.9372383457
-10.6518608147 29.5583558546 0.857973924014
-37.2977918252 25.1249200893 0.352366288203
-18.9735047078 -7.50537530279 23.6359040508
-35.7724102351 21.2871435935 -1.23168892214
0.0637795421743 -45.7636811582 0.759406076597
-48.7072088754 -31.2181456435 0.902004777309
-36.3384996823 6.83282711121 0.320407950365
6.51586113736 41.1075015273 -0.502691059269
-39.8835181969 13.0578907617 1.78604514765
-21.7709833011 -39.7230280106 1.23220618797
37.1329833448 -7.77809034956 -0.48109623504
43.3118827351 -2.88598847076 0.891475962276
35.7181312512 -49.4282945428 1.27983054812
-31.956163923 -0.673771241984 0.681660785375
-32.2632819444 8.87434661294 -1.00372962441
-42.3517579563 -41.3449739162 3.13970553889
-18.5849051139 -18.6867819183 28.2652182115
-40.7596429558 6.23779121989 1.29283679113
-42.6377156677 -5.89281617814 2.0393513032
49.2643768694 -46.3720002803 -1.27837175895
15.8657331701 -8.54261615675 25.0727044822
13.2386467797 28.7900296794 1.59476339793
-29.4787078266 22.9471525855 2.36721885538
16.9766731068 4.34056564469 25.6898775614
49.1604859063 -46.6305069189 1.68952052502
9.1917676414 17.474681006 23.3638229718
-26.5890700811 -0.621879482041 -0.524188771068
-7.5557448776 26.3963699507 -1.10841024769
6.64383443704 39.3211806232 3.0912171245
28.7545734833 -27.6495930528 1.81442081852
-3.39028000496 15.0379242521 26.5767660577
11.0279194455 -45.5578893739 4.03378381776
15.5300735294 -41.4955340942 -1.24860645025
-22.817715975 -20.2520523186 26.231033389
10.380747662 18.2374882729 27.1691617333
27.9521315746 -23.6020227933 2.99799428929
14.3237775509 -46.6325816592 2.32813989504
9.86375609616 -26.8178630103 -0.956902325723
-28.486158692 1.61082903938 -2.05851727109
-19.5465488622 28.8348358515 -1.02487901905
-35.9589778732 29.0877903177 0.447156933414
-33.8073581279 19.3608026395 0.715145917812