0.0 3.4763823867 5.0
1.0101010101 -2.51402597882 5.0
2.0202020202 -2.42514911854 5.0
3.0303030303 7.35003475813 5.0
4.0404040404 7.67036954216 5.0
5.05050505051 -3.18663721671 5.0
6.06060606061 0.718971311921 5.0
7.07070707071 -2.72119536921 5.0
8.08080808081 -0.758190016796 5.0
9.09090909091 -3.71036436332 5.0
10.101010101 -1.27013953343 5.0
11.1111111111 13.1053310473 5.0
12.1212121212 3.15297362188 5.0
13.1313131313 -6.33125123329 5.0
14.1414141414 3.08310389954 5.0
15.1515151515 8.07285818406 5.0
16.1616161616 6.8664016112 5.0
17.1717171717 9.96893540349 5.0
18.1818181818 -5.3690305254 5.0
19.1919191919 5.77021370221 5.0
20.202020202 -6.12344293728 5.0
21.2121212121 -1.46154625887 5.0
22.2222222222 3.42868909246 5.0
23.2323232323 -2.56317597686 5.0
24.2424242424 -5.49221345431 5.0
25.2525252525 -16.646178677 5.0
26.2626262626 5.66765106143 5.0
27.2727272727 1.79119274916 5.0
28.2828282828 -2.47474666156 5.0
29.2929292929 -4.22788735258 5.0
30.303030303 -4.24854750768 5.0
31.3131313131 4.64943303251 5.0
32.3232323232 3.53851740284 5.0
33.3333333333 -6.02442125193 5.0
34.3434343434 17.0221065725 5.0
35.3535353535 14.1538035955 5.0
36.3636363636 15.1041477905 5.0
37.3737373737 14.7524433481 5.0
38.3838383838 7.05718398902 5.0
39.3939393939 19.7036929351 5.0
40.404040404 17.1896446403 5.0
41.4141414141 10.5795867488 5.0
42.4242424242 5.30060135754 5.0
43.4343434343 11.1964428929 5.0
44.4444444444 20.498232428 5.0
45.4545454545 1.44081799474 5.0
46.4646464646 12.22790835 5.0
47.4747474747 7.16089486424 5.0
48.4848484848 5.39562911384 5.0
49.4949494949 15.4591703181 5.0
50.5050505051 13.5318067325 5.0
51.5151515152 19.4853706511 5.0
52.5252525253 14.1031709004 5.0
53.5353535354 6.68220170587 5.0
54.5454545455 4.66848647337 5.0
55.5555555556 19.4642571162 5.0
56.5656565657 4.20051509327 5.0
57.5757575758 11.8109395438 5.0
58.5858585859 9.55966263189 5.0
59.595959596 13.6706447229 5.0
60.6060606061 13.2201677377 5.0
61.6161616162 10.9467551257 5.0
62.6262626263 10.6344578108 5.0
63.6363636364 8.13042175554 5.0
64.6464646465 11.7937093349 5.0
65.6565656566 10.7780153435 5.0
66.6666666667 -0.98885969293 5.0
67.6767676768 -6.95236339486 5.0
68.6868686869 -13.9720276424 5.0
69.696969697 -7.29897510718 5.0
70.7070707071 -8.75773202064 5.0
71.7171717172 -17.721283067 5.0
72.7272727273 -14.3742338687 5.0
73.7373737374 -19.083367529 5.0
74.7474747475 -12.4897882331 5.0
75.7575757576 -13.6503378872 5.0
76.7676767677 -11.9970097504 5.0
77.7777777778 -12.7463978243 5.0
78.7878787879 -17.8288809681 5.0
79.797979798 -3.65520645102 5.0
80.8080808081 -11.4242955656 5.0
81.8181818182 -5.57703378168 5.0
82.8282828283 -22.2891193827 5.0
83.8383838384 -10.3047165045 5.0
84.8484848485 -14.5235474398 5.0
85.8585858586 -14.6981014093 5.0
86.8686868687 -17.9300423844 5.0
87.8787878788 -24.3293270784 5.0
88.8888888889 -21.1915450308 5.0
89.898989899 -15.7823787119 5.0
90.9090909091 -23.9892939093 5.0
91.9191919192 -12.9877165742 5.0
92.9292929293 -14.5657358655 5.0
93.9393939394 -20.6561058791 5.0
94.9494949495 -25.5077727019 5.0
95.9595959596 -23.3764133599 5.0
96.9696969697 -8.35820050603 5.0
97.9797979798 -12.8595833755 5.0
98.9898989899 -9.74478361437 5.0
100.0 -12.1885930677 5.0