-2.47634637519 -13.0861665804 28.560287915
-3.47158715719 16.9400787353 22.9299606299
32.3614249514 29.7573268524 -4.0523990791
38.6877825735 -35.7191471455 4.09426568849
23.4278533279 -37.8431065779 0.0476418325109
-24.7304209014 -15.1603190851 0.00262123738836
-22.4861574025 -6.93035342075 22.1877247901
35.4223681949 -10.1677593245 1.36288880864
-25.3229715531 6.47267136391 0.25280365333
27.2792494091 7.00576913754 -1.91904119174
2.56353068685 9.59416916249 23.977853065
-11.5020858856 4.69818237207 25.5201623731
2.47605652918 38.7625401417 -0.337903453579
-21.6083857722 -29.9890930429 -1.69221323928
15.6039379144 27.6231971582 2.41510941515
5.06571811294 22.222164976 27.3984283349
12.4195721811 -34.1421647674 -1.06753849079
-40.1732739522 -6.78515739753 -0.532045333728
13.2801288815 -37.9716177461 1.57395245494
-15.0896293492 -23.0888922568 0.0268911607043
-10.273236794 0.978612949586 25.0972522257
15.4992988692 15.3811196478 25.1004306323
-4.41630527961 35.1072140203 -3.20967643682
4.93600998933 -15.6237206771 25.220244104
-16.6781417233 7.64548360318 24.6420934451
18.4057846225 8.6117219827 25.9316516192
-45.2171959542 42.2716660628 -1.3440555356
-0.894096113736 -39.8852045854 -3.87972236414
44.6486387362 -33.3769540511 -1.49635158467
31.2096566292 5.49114433271 0.449171810655
-29.5293249052 18.4840105243 0.359933666772
-26.5783237663 10.1171460151 -4.27918476299
34.7869257687 -31.2126835782 1.57573722307
-14.2732169733 -44.4438201753 -1.33076783184
-3.62219190307 25.8694727764 1.75875807657
30.0351073648 -11.755847639 1.47561531704
-21.3791084424 -29.5591247872 -0.612159811796
16.0293284185 38.3217872722 3.39480394059
-49.9612287801 -40.3329122181 0.176884489613
47.527142588 -47.8560680711 -1.346966323
-12.6150491885 36.3897031949 -1.45995708327
36.282441415 -19.8589059078 -2.95939010363
20.1086293687 45.9910483458 -3.29908225531
-23.0779874898 4.9004341891 23.5250893556
34.0612830178 -26.3417449534 -0.527631056616
-41.4566248393 11.7322485034 0.402538281936
-2.62599402278 -28.8100618711 -0.42263339342
-34.2909643633 -42.6203967568 1.44421085638
16.6256604524 -0.0460633976168 26.109544403
-14.2386182143 45.3389840509 0.81800513787
-1.36416603766 25.1137504117 3.42102576089
-11.5202352041 35.185931831 -0.683263695747
34.5257123622 -27.0941047147 2.60538885567
11.6908723359 34.5023609025 2.38973080711
-26.9270942364 48.669820815 0.789521214641
10.8638418395 42.3062291356 -2.28511219346
26.5536034858 -34.2513200693 -3.67612661265
-35.4027940559 41.395322294 -3.54223108685
-39.3402322148 18.7901916129 -1.6854952545
45.0556018047 0.299411625661 -0.327268181372
-25.0571303362 -33.3070920152 0.216907819523
45.1212002232 -39.7879102909 0.274435726397
-27.8821612831 15.3361931849 0.891604287198
8.24505917813 -34.8134302501 -2.70528722995
-5.39523162358 -34.4625574018 -1.31883319373
31.4361391424 -12.9965576504 0.29832933908
-22.2356784994 16.941100199 1.34437083542
-43.1880557512 -19.5616350443 0.684427285374
1.80553787328 29.0894495614 -1.68003861322
-36.630304902 48.4146012647 -0.225241522274
43.8991983294 -1.4855658414 0.639809038777
-5.49254547322 22.7475982695 26.6694337482
-37.3933250991 -29.6806053281 -2.45620034696
27.4750768373 43.2856810943 0.953960422036
19.1645055193 3.10802355347 27.7606914319
22.5377415611 41.8052624264 -0.0955561419354
16.615996111 22.9386690187 0.0791197314087
4.97645862291 30.4023624622 4.8852564396
29.4713363387 -47.9024196707 -3.21712817365
-19.5871347965 -24.0195698027 1.22404679468
-13.7900250523 -21.3456229302 -4.29422901338
-34.6274261468 -41.6108887976 0.558747672372
-48.9549517298 47.4356406248 4.64672560338
43.5643174461 48.9599695016 -0.662799055253
-9.15304167076 -17.4088746044 25.1153965829
47.0953451594 29.4992762461 -0.703637059755
-38.6463760454 49.2448812738 -1.61446331917
36.9696180182 -43.0821059839 -2.27741165569
0.590050682763 -10.1328607367 23.7695729914
-21.8797220747 9.7313662208 23.7978494824
-42.5792607886 8.75224846413 0.74164464744
-6.97788220403 14.0137918934 23.193645682
40.8575987626 41.628561784 0.99094185384
8.25937044612 -40.1524343837 0.530309376815
-31.7132926433 -7.28694278475 0.0651035828751
37.5533264276 -28.540390159 -0.128416337938
8.90592290578 -33.4650161361 0.904230619738
-1.64126816776 22.8440464541 23.3282184832
-45.8849582983 -25.8131204403 4.10898027382
35.5695633842 8.13861706182 -1.68584122501
-43.1188565825 21.4294761198 -1.46925304866
27.7376549476 -33.593833641 0.473305724589
-32.2634321742 -13.4049844706 -1.76422443809
43.7650736927 -27.0792213004 -1.81532611776
21.9029603437 48.0839701346 -3.00079162574
7.52066743891 13.8508252984 27.6420516919
-11.2748394674 -4.21313971597 27.5302842172
-17.6357553433 20.0556245676 -0.513849704759
39.6573933894 -18.4847959711 -0.451167347639
2.63974462018 -13.3559284914 27.7208164453
-46.2533672703 10.0412844833 0.725721208566
-38.5483146969 8.1569796975 3.40664230642
-8.92196473077 -35.3175807258 -0.615189619711
-40.3565468891 -32.0425477956 -1.25904470484
37.0604753571 -30.8025208173 -0.245481509917
34.9941649081 45.2904241781 1.41571753546
44.0582262662 6.44073917161 -0.503854436375
32.2395675174 23.3123099221 -0.693444319372
40.0351688132 19.2536514393 0.559956087165
-28.8937146204 28.7195468752 -0.786365949505
37.7928994835 -22.0176760122 1.32483239615
-29.2065587396 22.607753551 0.0172483224617
24.5938182921 -45.7871390803 -3.16606485967
20.2908243847 -34.2487118635 4.06020925918
-7.97744255808 43.048757836 3.37390937003
-41.2793091181 49.9367415317 -0.991946182596
3.90376102124 -3.99365134685 22.9729125537
-42.9012017162 -49.3306894902 -1.55272243543
-15.7551567135 19.1076827626 22.4459172187
25.3135859434 47.5982956733 -3.46637194607
-18.7105295288 -14.2619272218 22.4049661391
31.558778685 -38.9867286129 -1.98315123114
-37.5010188006 -12.8553739557 0.0522170715938
32.1672431949 33.4116364621 -4.04392512611
-21.5140406101 34.2704578812 1.17515143329
-20.3568451594 -25.377210104 -0.880628860554
36.7926157735 -27.8815104878 2.19169230924
-17.1230472642 -23.1251980115 -0.653774799854
29.145593662 -39.8062539994 -1.35917525452
-9.26661011858 -21.5641912371 24.0474937381
4.54911513915 13.6442070214 23.5177437103
36.0757239659 1.23413229335 0.848183579313
35.5602378002 -37.3242358795 -2.41029479023
38.7570986125 -34.3670950255 3.94752108372
-39.5650822646 -48.1752557767 0.287078793155
-1.04474825343 -36.6656405587 2.20187155695
-37.6448869761 45.6555435438 -4.0292439825
-33.5811473164 -43.9121832803 -1.23355551232
-7.77107008406 35.6879982599 -1.48412966361
-15.9009077356 19.6398936846 -0.32846718539
-44.6144144228 -25.5913854497 -0.532614634129
-8.85314897946 12.6762344403 23.7803503818
37.2565169506 4.79060893134 -0.806602229624
16.8105229102 9.77335070543 25.9641869178
-7.33145668071 -42.2633068134 1.6571024807
2.60588640683 -45.1627442 -2.33390717639
-23.167153744 42.1194391391 -0.898642459961
8.86842599396 -22.5615475326 26.062569047
2.19489765943 -28.4138945465 -0.053458795443
-9.13132978417 -39.3639393773 0.566176055123
-38.5992432992 44.4993913339 -1.16396467973
-27.7142497359 -38.626986465 -0.0858835582186
-9.00896213278 16.3285061191 24.4964208083
24.8349502627 28.3097608402 2.05049138249
-1.04241430992 43.6395094785 -1.15829049756
-36.5624429844 37.6295907419 0.839178696175
48.7985973028 4.19010732624 3.59990823225
32.1932163103 44.8678699105 0.859741038147
40.2240571131 -40.6208486132 1.49399070379
36.2213325404 48.462550224 2.59563113309
18.7469521224 -49.1866149127 1.25174822597
-43.7319359509 -22.4429207401 -1.39569172216
22.6609119434 -15.4736499656 -0.655668060063
3.78589629067 9.99048637205 24.7171960598
19.0654571096 -34.163692394 2.064384281
28.4415700508 -21.4872619681 1.75021918795
14.2286898267 -17.6691405221 23.9392997951
-11.8794897949 48.4831150677 0.050914510549
-26.0513346494 -38.7787687677 2.22096671652
-15.012054706 -22.2827389605 1.92826503238
-36.9046332523 2.22178553072 1.65816255092
-23.2859429887 -12.440403363 -1.14005261408
9.62370551858 3.98766063585 25.8996060474
-44.9384374412 -41.88580872 -0.180898085306
-6.2762315131 39.5380716751 1.19978887803
8.31208574334 -15.0420954562 22.4750363388
-18.7371175688 42.0124659669 -0.628195098552
28.9787957502 2.55059000367 -1.09384365199
36.533565913 19.6065269167 1.50480675358
-24.9171023594 -1.8688659804 26.2431181174
28.2691592273 -44.6118509403 0.276116841825
22.2978366231 -47.5249906022 -2.00158093331
-25.5677100607 7.89581490931 2.63506494082
-43.9347995051 -1.45761402229 1.14306962876
22.6964397946 35.8278234538 1.98869284499
-14.1394622064 38.6924717753 1.34031650345
-15.0604672371 -3.502327811 23.3706904894
-8.4694136497 34.3710916687 -4.36442936082
-13.3220237186 43.164394874 -2.16104307375
-43.2204282733 -9.91784328576 1.08417529221
-9.92555931796 -8.65694115867 26.3364734468
34.7750664644 4.40936261894 -1.69900627432
-31.7050398219 21.9325715091 1.18265781206
39.8481747177 -29.7524667294 -1.98552738689
-18.1150918652 24.93055603 -1.30202033886
-8.40446316303 -14.422003009 27.9482407532
11.2445314048 -34.2679757265 1.19688142859
34.3913118634 -1.25744514221 1.9832613152
45.8192714947 2.07741279267 0.713222775381
-19.4356416078 33.8323947585 -0.989294809609
2.48940915869 2.48011761361 24.9761117139
21.0144207911 45.0618019255 -0.861151925896
-34.1137396061 -17.2733360524 0.920399047086
-28.9929485242 28.6486365019 3.70497691637
38.8444516654 16.8111557737 3.78212833547
-13.6648175029 30.0174401742 0.131310926811
10.5924083242 28.9852049999 1.13212290272
11.2084669682 11.8484155958 21.7693566703
-20.388055336 45.494298774 1.57695472355
-0.0276414280192 -16.8839779009 27.0548178289
-9.86648300907 29.568763411 1.6407539336
-31.2271793335 -5.96549232905 -2.07760153196
-45.9506849011 -43.6510722805 -1.08854409382
34.2142579581 12.5433304211 -1.12215334363
-31.0334063375 18.3069045998 -1.0098793353
-26.335988177 -19.5148766325 1.46244071379
7.42894555928 21.3700161604 25.6271712535
34.4212807995 25.2348755674 -3.12785074872
-17.193665308 15.8202247836 22.9357422818
-29.0945285281 45.3833169532 0.517250838748
-45.8614817273 -21.2434865863 -0.916062295317
17.4756861622 35.5693297005 1.01160996229
-29.7744510762 -43.8606388009 1.46346687935
-9.05572335427 29.7935186671 -0.800220462682
-49.2670253776 17.0070082413 -1.59713374352
-46.3550183575 42.263046308 5.26444389191
-24.9348189988 22.9784378079 0.750961840692
-5.40777527002 -40.2752784599 1.98816927007
7.530213277 29.4017531446 0.992743744026
-35.5077103109 -31.3069709318 0.174226153125
-4.30702318602 -29.8428734331 -1.67963772297
48.2837902877 12.9503748213 -0.423782881906
-48.5850658327 -47.2153569018 -0.249121458824
-1.07585640658 7.49788496727 21.8811248916
1.79034136686 -22.5012455725 23.2588069198
46.5376099074 -38.2899863077 -0.806584029219
-41.9634932198 -37.022627917 0.0215983553462
26.9671646908 34.7193042838 -1.3290923556
-21.6522338364 0.0212566481729 24.3334879998
-27.3507087799 0.0134381085108 0.535606559326
41.4635323528 34.7251848021 1.21548220319
-3.56398367675 29.506194639 -1.72216213157
-1.29178323347 15.1969877799 24.0824815545
-46.0619185723 -31.6007087658 -3.13542054907
43.7390708142 -41.7082488697 -0.104601094047
14.7692037255 -0.575882563774 25.9426695326
21.30312794 -0.0891813504852 28.5047042943
-37.0068093909 -26.0346167488 -2.1334304747
33.9115336382 -5.81888137227 0.73999409248
29.8457004554 4.44961115187 -1.59435397261
-20.8157514644 -12.489972241 24.3203020099
-27.6848426348 33.4826981147 0.991452991006
26.0528024625 -13.0151708729 -2.33931075717
5.52173888271 -46.8979968766 -0.933464639348
-9.75128863106 -27.2272786907 -1.46459136717
16.497974946 -18.7646931421 27.4620115271
9.95937259964 -38.2991841753 1.28420710073
-46.022161213 47.3766004743 -0.664102873023
-42.9467462709 17.3102748809 0.181870874961
34.0316178796 -22.6115728227 3.03985562864
1.27158875705 -18.0921100993 24.2279080917
17.1998847596 27.9591171052 -2.76165110289
19.3176419966 -10.7151116018 24.952604125
-10.907604692 -17.938231153 26.7031963852
27.3803914834 -15.2705446999 -1.27008042083
49.1963780893 26.0088179813 0.221331993541
8.33272059847 -26.9559977593 0.669735203417
29.4174626633 -16.8056683585 2.38051200473
11.9516529312 5.40471593319 26.6618729978
-39.9263667586 -23.3016473054 0.288809097028
-24.5702101684 -49.6015712169 0.0507430279512
33.9330369996 46.4524113597 0.780451050413
-47.4536346133 -48.337135771 -1.30984627673
-15.2632410012 -45.2305378072 3.66690313871
49.1270665157 -35.074328065 -0.826727287325
-26.7437478967 -8.16594472385 -3.78435131699
-8.92002127352 -39.1953702326 1.84659447298
-19.6644262389 26.104062768 -0.744260603305
9.60727693984 43.1612276155 2.23761423925
13.3276015052 -37.8219752281 2.45972123471
-6.3486872046 9.94004906964 25.6357997083
-34.479949526 43.6126377249 -2.34540505268
9.91374926133 49.4460367114 2.19914864441
25.4935013461 -19.1830719816 0.511295611047
12.3109962183 16.6535670617 28.2602978651
34.5222769817 42.5869766273 1.47111245269
15.8996673108 -7.53920604732 26.8283470135
-39.3491572236 4.46699326026 -2.09308136434
-45.818798607 -28.5466940576 -0.250595735037
46.3610326689 5.47993961079 -3.02434616196
-44.6558415098 20.7055331861 -0.901350495103
37.8828202068 -6.88654742956 1.95366881498
28.6697227196 43.4232203385 1.40715926921
30.2081187659 -0.517759551461 -1.37376591087
19.4535099038 31.0332850168 -1.4917700087
19.9159767825 -12.0150927692 21.5181998879
-29.4481655687 -24.8831348668 -1.44045845802
-31.9198211659 32.3085635153 1.53685854197
13.6729206836 -48.307146954 2.21958798152
-29.3204403995 9.6419339179 -1.2577963618
19.0941224163 -15.4511542718 28.0858264301
-40.9483586796 47.9868987365 -2.04020092596
16.271659892 -38.2166406792 0.151224288948
-22.7418781438 35.935930407 0.746707066833
-6.38675056151 -9.60819873324 25.1258098601
17.9117111849 -43.8381400286 2.87329860972
-28.9090019155 14.2931701822 1.02039571673
6.11654003817 -26.6869966766 -3.77537623622
-46.8131100057 -32.7300411221 -1.31547898145
-7.80507262472 -43.153408322 -2.31193605783
-39.5579601394 -37.3590014216 0.851732435787
-36.5930518798 -26.4837253811 -1.76371086459
17.3196336506 -17.6261272082 24.8460928607
-13.4875616454 40.9812629928 1.01247100902
-17.1337622592 -28.4562615824 2.69953152084
-7.7588473294 3.35045891402 24.0422211851
-23.1179467838 12.9060392367 3.57130629709
-48.0762927541 44.1316227152 -4.05166566244
32.11759719 -49.2311068267 -2.65973470463
41.9499364036 -48.8828484278 -2.90568892783
-15.8387127844 43.1188430478 4.56194996417
32.9938807707 -13.0295812884 1.05633290856
-6.16776514409 14.24086905 25.0260892385
16.1311828223 39.5421967024 2.0252205859
48.1165124671 -26.726069752 -1.7294656819
-1.45016764262 -41.79761362 -0.430091715988
-47.5046269002 39.8527474281 -0.598078825341
-31.8913796173 -39.5888547853 0.359001972523
29.295695086 -21.9690616647 1.17456892485
37.6295236355 -3.47408280648 2.76012554472
-6.76527420134 18.1110495142 22.1225653003
8.44968084057 41.5412233416 -2.30281978355
1.76881623256 -6.49448340258 21.5263136421
-32.7326193066 39.133339303 -0.882756548422
-33.2988097205 -20.5101515815 2.26495301305
-18.7256937366 1.76384583674 26.8318349072
22.352324034 -2.32817053228 28.3577091449
49.7968761144 -31.9309121419 -0.306417782379
21.7142470978 16.5430110804 -5.38792878221
22.2549949228 30.3813445056 1.25109026535
17.6661787452 -7.96072120762 25.9104754929
-43.9680237391 -14.6111601576 0.990867884083
-15.5261929947 38.9002541105 -0.502722731093
-20.5714231737 -5.34748597604 24.3243079728
40.9792966646 26.9248410859 -1.43451720149
3.79073982828 -42.6344917056 3.0357242471
-32.9342191922 -22.8528785421 -2.46574849927
40.0789024737 -16.5019254383 -0.358635111308
-22.9016573924 -22.9914830784 -0.112778873966
42.4517159631 34.4570421793 1.25390164654
35.1903429184 -21.7130620413 -0.152895868344
-40.4273462846 -5.24349306139 -0.95344318651
5.91868811565 27.5120837094 0.102073282034
-45.9575080531 -27.0339878993 -0.577455919168
-18.3061848369 15.0170803537 26.3479329982
9.00753038185 44.7856417101 -2.42398285237
-13.4753330037 -14.4052731634 22.4028860123
-40.8108587692 20.4735080275 0.426817807082
-48.5256394691 39.0040953663 -0.201611552369
3.7597659255 33.8190424148 -2.03272662886
-28.1562802257 -22.3316454894 -3.44050285157
-46.4087627685 -40.6575325793 1.71432755587
13.0235957257 49.7675215125 3.69787320524
26.2649675316 17.9384588555 2.05923105287
40.1160548475 -14.5382489116 1.77690233514
-10.6946972656 -16.5175126361 27.1406221815
10.7763789734 -32.8775362645 -0.313757177967
-3.28346085065 -20.0628497026 26.4820969301
-36.7278948421 -43.9647457843 -0.676689241726
0.299963342843 16.7908809644 27.1289629292
-1.05429252916 -35.5908735503 1.29997006672
-9.79125466604 -17.0408373587 26.3109570832
-9.40021866739 29.6012143661 -1.2458721408
-2.11081877929 -40.0504756719 0.791817302183
5.36358821176 -40.9983301064 2.41217266776
49.6398100106 -14.1169221444 -0.7074648
-27.4094524934 -30.6532143137 1.45058879658
27.136490038 -24.6308044625 0.376462559885
-17.4393850243 19.1696913466 0.210682206721
-9.45051006818 14.2843481141 30.5388043443
21.0002500153 -10.3781486155 25.2071414187
49.8959143683 -49.3618359995 -2.82890158988
-7.00453287638 -49.3390008675 0.57291139074
24.5804888715 39.5131390238 -1.05062628032
-1.80857575164 6.74104141142 21.8184249251
11.8214785261 -28.3123308413 -3.45782247753
-1.02104875684 1.89872784673 20.8046440132
-36.4270926739 0.913170664153 -1.31596209872
21.954421425 -12.5903404292 1.2277236906
-15.9234506019 -47.8559955626 -0.144913315446
31.5516714937 10.7842539467 0.664715044648
-49.5571320243 47.5116154681 -0.269263841181
-41.7863392796 3.16244100532 0.44137830488
-48.4259311182 38.8249377117 3.12946650289
-43.8886457581 34.9498445521 -0.91251526573
-13.7384368079 6.13160350362 29.0352503313
18.0537385505 -22.5669588747 0.824673703458
48.9654664092 -2.44700809265 -3.77309136757
-7.64444147258 41.5637648704 4.65326962865
43.8081717066 27.3727978181 -3.69368551453
5.61983713792 -0.166658593995 22.4972222236
-0.784866553793 21.3641166161 25.9990509882
33.144782785 -49.528013095 -2.86783301064
31.0055814528 -4.48239691813 0.452901390726
21.6676194707 25.2873607848 1.80682889207
17.3896384696 -44.6671201645 4.66890223898
35.7843008943 -0.155690612793 1.69764041774
-11.4776711847 2.66695000043 26.805928493
-25.0340672487 -27.2763515937 -2.86168867109
9.13800382625 -16.5897743955 24.8073106289
-3.55147817936 7.07788086981 26.8153567952
5.66616349228 19.9940307184 27.3702334183
-41.0440619285 -49.379650318 -1.87983072373
12.0281450304 25.4521361871 1.41163151703
39.1233177112 40.7132379804 -2.86649648863
-30.4247774648 28.978493217 0.764953123214
20.1289960572 -11.8721790099 25.1416808646
41.9050074606 -3.58644492541 -0.782408220526
-46.2177149101 18.9658104994 -5.37742874764
-45.0775640934 25.4487763962 1.05984347095
-23.2324611029 37.9432697912 1.56052463033
44.2038018965 35.4172149394 1.81650457035
-2.35738193908 -7.54804172227 23.9187790661
25.280240908 -40.9495745942 -0.55614781411
-40.8676881426 29.3492305246 4.16678938962
44.9936656226 -17.6545894936 -2.62942382961
3.04480612951 34.476549871 1.89160557404
-8.66053504131 14.3796168616 24.4502878699
-29.1982791921 13.5354163278 1.7497941174
24.150452429 -18.2694750649 -0.624615561701
3.58090910979 -47.4949607786 -2.45793100782
33.3345485242 45.1148675765 -6.22305173138
10.1664867139 -44.9181116637 -0.48795065368
-36.3138504198 29.2334390699 -1.76152129558
9.2732219298 -47.3788506701 4.66766766687
-38.9506065243 -31.191045458 -0.789175348534
-48.0635217523 0.162004854083 1.07560545823
-13.8349068249 34.2874696493 2.23177904256
-41.2454119439 4.58126048205 -2.05648899605
-39.2110662232 -43.3566584247 -0.157785403405
45.0960752971 -4.11544160685 0.0734467387074
-27.0133708286 21.2638842225 1.43288408987
8.54244254596 39.6684088331 -1.18267926412
26.710249494 9.11513151567 1.96861694154
-44.9935953151 -32.1758726266 -3.32895094495
2.53131315463 -18.9728891887 23.5924426201
13.7621818416 -44.8724420838 1.34500469874
39.1282056269 49.5678792 -0.698371152502
-36.1064778993 -7.76522815499 -0.820551580927
-9.32008960583 22.7823168854 28.2102303927
29.1723189823 -23.3750683269 2.82239989719
-32.8410165249 31.9805106465 0.486411270316
38.1499328297 4.11485079442 -0.164383884281
-5.86063251253 -34.7257985184 -0.512590911377
21.169127447 -22.4185611498 1.31871502727
-5.94552037515 -43.8315060035 -0.651966724793
-33.9983952974 -7.02488317037 -0.735405166017
-10.4542777392 25.1630527672 0.624578491334
-48.7972264072 34.9453462613 1.92953863419
11.2118029829 11.0465938637 24.1950450731
43.0952046181 -37.0917927334 -0.690928005712
-18.3409595385 -6.02434931918 24.6901860079
-32.0358745608 0.0879978651331 0.36149110766
47.2918411512 37.7472830004 -1.92186860769
40.2152590257 -21.0871584871 1.72919474387
-49.7126401632 10.9197516759 -0.992281487159
19.0421666954 -17.3814611636 -1.96409124579
42.2879208926 -31.1964811131 2.59595484341
16.2531662217 32.7143886471 1.27544247017
-34.7099514019 -25.2383302318 -2.36574785176
-31.3134068874 -36.2919464078 4.30957997957
-41.9685064948 -20.4840728011 -2.68603754624
42.5393190169 49.4955329326 1.15177991424
-31.8310428788 25.074649811 -1.41436110231
-28.6367104967 -44.6871825664 2.14447652548
-32.08727907 -44.4741157769 0.426604229501
-18.7296743114 44.9562833237 -1.01969690599
13.2044067065 -22.1138118814 2.05868296341
25.8258425848 27.2384520787 -1.46984364389
-18.9172720963 49.0293965529 3.96691603284
-16.0159504057 -19.4314263654 1.36320053826
33.1743195902 -9.43513463416 2.73809122408
47.5497066049 -11.3223547471 1.11343199031
-46.8248608519 -24.6207005575 -0.100966905073
44.3659746605 6.96145497988 -1.58367369113
0.604803906312 49.1843582235 0.529548592433
1.55390831937 -35.028269304 -0.190229637624
27.9041489038 28.581029806 -2.41368447812
-19.9896930852 -49.9767775627 1.42575093678
-44.6010447376 -38.3561508382 0.789653166605